Image	Object ID	Object type	Name	Classification	Parent	ROI	Centroid X µm	Centroid Y µm	Detection probability	Area µm^2	Length µm	Circularity	Solidity	Max diameter µm	Min diameter µm	80ArAr: Mean	80ArAr: Median	80ArAr: Min	80ArAr: Max	80ArAr: Std.Dev.	CD45: Mean	CD45: Median	CD45: Min	CD45: Max	CD45: Std.Dev.	Ruthenium: Mean	Ruthenium: Median	Ruthenium: Min	Ruthenium: Max	Ruthenium: Std.Dev.	Collagen: Mean	Collagen: Median	Collagen: Min	Collagen: Max	Collagen: Std.Dev.	Ecadherin: Mean	Ecadherin: Median	Ecadherin: Min	Ecadherin: Max	Ecadherin: Std.Dev.	120Sn: Mean	120Sn: Median	120Sn: Min	120Sn: Max	120Sn: Std.Dev.	127I: Mean	127I: Median	127I: Min	127I: Max	127I: Std.Dev.	131Xe: Mean	131Xe: Median	131Xe: Min	131Xe: Max	131Xe: Std.Dev.	133Cs: Mean	133Cs: Median	133Cs: Min	133Cs: Max	133Cs: Std.Dev.	138Ba: Mean	138Ba: Median	138Ba: Min	138Ba: Max	138Ba: Std.Dev.	SMA: Mean	SMA: Median	SMA: Min	SMA: Max	SMA: Std.Dev.	Podoplanin: Mean	Podoplanin: Median	Podoplanin: Min	Podoplanin: Max	Podoplanin: Std.Dev.	VIM: Mean	VIM: Median	VIM: Min	VIM: Max	VIM: Std.Dev.	S100A4: Mean	S100A4: Median	S100A4: Min	S100A4: Max	S100A4: Std.Dev.	CD45RO: Mean	CD45RO: Median	CD45RO: Min	CD45RO: Max	CD45RO: Std.Dev.	CD16: Mean	CD16: Median	CD16: Min	CD16: Max	CD16: Std.Dev.	CD163: Mean	CD163: Median	CD163: Min	CD163: Max	CD163: Std.Dev.	CK: Mean	CK: Median	CK: Min	CK: Max	CK: Std.Dev.	TFF1: Mean	TFF1: Median	TFF1: Min	TFF1: Max	TFF1: Std.Dev.	PDL1: Mean	PDL1: Median	PDL1: Min	PDL1: Max	PDL1: Std.Dev.	PD1: Mean	PD1: Median	PD1: Min	PD1: Max	PD1: Std.Dev.	CD31: Mean	CD31: Median	CD31: Min	CD31: Max	CD31: Std.Dev.	Tox_Tox2: Mean	Tox_Tox2: Median	Tox_Tox2: Min	Tox_Tox2: Max	Tox_Tox2: Std.Dev.	CD57: Mean	CD57: Median	CD57: Min	CD57: Max	CD57: Std.Dev.	FOXP3: Mean	FOXP3: Median	FOXP3: Min	FOXP3: Max	FOXP3: Std.Dev.	CD4: Mean	CD4: Median	CD4: Min	CD4: Max	CD4: Std.Dev.	NCAD: Mean	NCAD: Median	NCAD: Min	NCAD: Max	NCAD: Std.Dev.	CD68: Mean	CD68: Median	CD68: Min	CD68: Max	CD68: Std.Dev.	IL6: Mean	IL6: Median	IL6: Min	IL6: Max	IL6: Std.Dev.	CD20: Mean	CD20: Median	CD20: Min	CD20: Max	CD20: Std.Dev.	CD8: Mean	CD8: Median	CD8: Min	CD8: Max	CD8: Std.Dev.	PDGFRa: Mean	PDGFRa: Median	PDGFRa: Min	PDGFRa: Max	PDGFRa: Std.Dev.	IL8: Mean	IL8: Median	IL8: Min	IL8: Max	IL8: Std.Dev.	GATA6: Mean	GATA6: Median	GATA6: Min	GATA6: Max	GATA6: Std.Dev.	CD45RA: Mean	CD45RA: Median	CD45RA: Min	CD45RA: Max	CD45RA: Std.Dev.	GZMB: Mean	GZMB: Median	GZMB: Min	GZMB: Max	GZMB: Std.Dev.	KI67: Mean	KI67: Median	KI67: Min	KI67: Max	KI67: Std.Dev.	CXCL12: Mean	CXCL12: Median	CXCL12: Min	CXCL12: Max	CXCL12: Std.Dev.	CD3: Mean	CD3: Median	CD3: Min	CD3: Max	CD3: Std.Dev.	S100A2: Mean	S100A2: Median	S100A2: Min	S100A2: Max	S100A2: Std.Dev.	FAP_alpha: Mean	FAP_alpha: Median	FAP_alpha: Min	FAP_alpha: Max	FAP_alpha: Std.Dev.	CD173: Mean	CD173: Median	CD173: Min	CD173: Max	CD173: Std.Dev.	HLADR: Mean	HLADR: Median	HLADR: Min	HLADR: Max	HLADR: Std.Dev.	CD105: Mean	CD105: Median	CD105: Min	CD105: Max	CD105: Std.Dev.	KRT17: Mean	KRT17: Median	KRT17: Min	KRT17: Max	KRT17: Std.Dev.	190BCKG: Mean	190BCKG: Median	190BCKG: Min	190BCKG: Max	190BCKG: Std.Dev.	190Os: Mean	190Os: Median	190Os: Min	190Os: Max	190Os: Std.Dev.	DNA1: Mean	DNA1: Median	DNA1: Min	DNA1: Max	DNA1: Std.Dev.	DNA2: Mean	DNA2: Median	DNA2: Min	DNA2: Max	DNA2: Std.Dev.	PM2: Mean	PM2: Median	PM2: Min	PM2: Max	PM2: Std.Dev.	PM3: Mean	PM3: Median	PM3: Min	PM3: Max	PM3: Std.Dev.	PM4: Mean	PM4: Median	PM4: Min	PM4: Max	PM4: Std.Dev.	204Pb: Mean	204Pb: Median	204Pb: Min	204Pb: Max	204Pb: Std.Dev.	208Pb: Mean	208Pb: Median	208Pb: Min	208Pb: Max	208Pb: Std.Dev.
JHH368ROI006_ROI_006.ome.tif	3cbd877a-ebd0-4d89-b22f-2f43868bada5	Detection		Other	Annotation	Polygon	52.19	68.26	0.8275	76.6061	32.7728	0.8963	1	11.6922	9.5001	4530.5	4542.5	3821	5253	284.1517	0.1486	0	0	1	0.3582	0.3514	0	0	3	0.6911	3.1216	3	0	11	2.5045	0.4189	0	0	4	0.811	1.9189	1	0	8	1.7341	25.6081	25.5	13	40	6.1729	39.5135	38	20	61	9.3593	0.1486	0	0	3	0.4588	0.0676	0	0	1	0.2527	3.3243	3	0	12	2.785	0.1892	0	0	1	0.3943	7.4595	6	0	31	6.5631	0.2162	0	0	2	0.476	0.3243	0	0	3	0.6434	0.0541	0	0	1	0.2277	0.0676	0	0	2	0.3021	0.0541	0	0	2	0.2815	0.1081	0	0	3	0.4242	0.0405	0	0	2	0.2585	0.0946	0	0	2	0.338	0.1892	0	0	2	0.4277	0.0541	0	0	1	0.2277	0.0811	0	0	3	0.3971	0.0135	0	0	1	0.1162	0.2838	0	0	3	0.6521	0.2162	0	0	4	0.6677	0.2973	0	0	5	0.7352	0.1892	0	0	10	1.1783	0.0405	0	0	2	0.2585	0.1216	0	0	1	0.3291	0.2162	0	0	5	0.6879	0.1081	0	0	4	0.512	3.3243	3	0	14	3.0391	0.4595	0	0	3	0.8307	0.1622	0	0	2	0.469	0.0946	0	0	1	0.2947	0.1622	0	0	4	0.5974	0.1757	0	0	3	0.5063	1.1622	1	0	6	1.3851	0.1892	0	0	2	0.4586	0.0811	0	0	1	0.2748	0.9189	0	0	5	1.2795	0.6216	0	0	4	1.043	0.0541	0	0	2	0.2815	0.027	0	0	1	0.1633	0.0135	0	0	1	0.1162	158.5676	155.5	33	429	78.6464	293.6081	261.5	65	792	148.5517	3.2027	3	0	9	2.2814	3.5405	3	0	15	2.994	1.6216	1	0	7	1.6937	0.2568	0	0	2	0.4982	0.527	0	0	3	0.7625
JHH368ROI006_ROI_006.ome.tif	81f4a6a1-5cca-4b43-a151-5d81c31b3b9d	Detection		HLA-DR: CAF	Annotation	Polygon	17.94	92.43	0.8051	68.3111	30.8984	0.8991	1	11.5191	8.2474	4494.5942	4524	3847	5024	249.8461	0.1739	0	0	1	0.3818	0.3623	0	0	2	0.5934	2.7101	2	0	12	2.327	0.2754	0	0	4	0.6616	2.5217	2	0	9	2.0336	24.2609	23	12	39	5.7539	40.4348	41	20	57	7.3234	0.1304	0	0	1	0.3392	0.1304	0	0	3	0.4824	12.4638	10	1	61	10.1454	0.4058	0	0	4	0.8102	8.9275	8	0	29	6.2434	0.2609	0	0	3	0.5854	0.3768	0	0	3	0.7878	0.058	0	0	1	0.2354	0.1014	0	0	1	0.3041	0.1449	0	0	2	0.3939	0.058	0	0	2	0.2912	0.1014	0	0	2	0.3492	0.058	0	0	1	0.2354	0.1449	0	0	2	0.4296	0.1159	0	0	2	0.3653	0.0725	0	0	1	0.2612	0.0145	0	0	1	0.1204	0.6087	0	0	9	1.507	0.2754	0	0	3	0.7253	0.1594	0	0	2	0.4067	0.0725	0	0	3	0.3955	0.1884	0	0	3	0.5223	0.3333	0	0	7	0.9802	0.7101	0	0	4	0.9867	0.2174	0	0	2	0.4811	5.8551	5	0	15	4.1631	0.3333	0	0	2	0.6568	0.2029	0	0	3	0.5308	0.0725	0	0	1	0.2612	0.4058	0	0	5	0.7918	0.1594	0	0	1	0.3687	2.3623	2	0	9	2.1555	0.5507	0	0	5	1.0079	0.029	0	0	1	0.169	2.087	0	0	71	8.5573	1.8261	2	0	6	1.6624	0.058	0	0	1	0.2354	0.0435	0	0	1	0.2054	0.058	0	0	1	0.2354	282.2029	248	22	577	149.611	509.4493	466	53	1052	270.3693	3.4783	3	0	12	2.3986	4.1449	4	0	11	2.7293	2.2609	2	0	10	1.8759	0.2754	0	0	2	0.5658	0.7536	0	0	3	0.914
JHH368ROI006_ROI_006.ome.tif	b47f8a36-9720-46a3-86d6-aa348f25c058	Detection		Other	Annotation	Polygon	99.71	62.75	0.7816	51.4308	26.4994	0.9204	1	9.1588	7.8054	4495.2144	4524.5	3914	4951	253.4256	0.4643	0	0	2	0.6929	0.4286	0	0	2	0.6341	4.6429	4	0	12	3.2684	0.5714	0	0	2	0.7418	1.8929	1.5	0	8	1.8923	26.1071	24	17	44	5.8711	39.4643	40	29	51	5.2457	0.1786	0	0	2	0.4756	0	0	0	0	0	0.5714	0	0	3	0.7418	0.7143	0	0	6	1.3012	3.3929	3	0	12	2.6575	0.1786	0	0	3	0.6118	0.2143	0	0	1	0.4179	0.1071	0	0	1	0.315	0.0714	0	0	1	0.2623	0.0357	0	0	1	0.189	0.0357	0	0	1	0.189	0.1071	0	0	1	0.315	0.1786	0	0	2	0.4756	2.25	1.5	0	11	2.5037	0.25	0	0	2	0.5853	0.0714	0	0	1	0.2623	0.0357	0	0	1	0.189	0.4643	0	0	3	0.8812	0.1786	0	0	3	0.6118	0.1071	0	0	1	0.315	0.1071	0	0	1	0.315	0.1071	0	0	2	0.4163	0.1429	0	0	2	0.4484	0.1071	0	0	1	0.315	0.0714	0	0	1	0.2623	0.8929	1	0	4	1.0306	1	1	0	5	1.2172	0.2143	0	0	2	0.4987	0	0	0	0	0	0.2143	0	0	1	0.4179	0.1786	0	0	1	0.39	2.6429	2	0	10	2.4976	0.3214	0	0	3	0.7228	0.1071	0	0	2	0.4163	0.8214	1	0	3	0.9049	0.1071	0	0	1	0.315	0	0	0	0	0	0.1429	0	0	3	0.5909	0.1071	0	0	1	0.315	227.8929	199.5	3	504	166.2041	412.7143	376	22	849	294.3539	4.8571	4	0	13	3.7487	5.6429	5	0	16	3.9461	2.3929	2	0	10	2.4995	0.5714	0	0	5	1.1996	0.7857	0.5	0	5	1.1339
JHH368ROI006_ROI_006.ome.tif	968b6a81-15fc-405c-a83f-a56c9d23cf9c	Detection		Other: CD8 T cell	Annotation	Polygon	4.157	16.23	0.7754	31.8484	21.2926	0.8828	1	7.4964	6.0809	4526.5332	4507.5	3897	5040	277.8066	1.9	2	0	7	1.6474	0.4	0	0	2	0.6215	2.2667	2	0	6	1.5071	0.5667	0	0	4	1.0063	1.8667	2	0	4	1.2794	25	24.5	13	40	6.5232	41.2333	38.5	25	61	9.6479	0.1	0	0	1	0.3051	0.1333	0	0	1	0.3457	1.2	1	0	8	1.8828	0.4333	0	0	2	0.6789	11.2	9.5	1	30	7.3174	0.6	0	0	4	0.8944	4.5	4	1	12	3.3192	0.1667	0	0	1	0.379	2.7667	0.5	0	16	4.1828	0.2333	0	0	2	0.5683	0.1667	0	0	3	0.5921	0.0333	0	0	1	0.1826	0.2667	0	0	2	0.5208	0.6667	0	0	4	0.9942	0.6	0	0	5	1.1919	0.8	0	0	5	1.3995	0	0	0	0	0	0.8667	0	0	4	1.2794	0.1667	0	0	2	0.4611	0.2667	0	0	2	0.5208	0.0667	0	0	1	0.2537	0.3333	0	0	2	0.6065	20.9333	17	4	65	13.9752	1.1	1	0	4	1.3222	0.3	0	0	2	0.535	0.4333	0	0	3	0.8172	0.4333	0	0	4	0.9353	2.0333	1	0	12	3.4289	0.0667	0	0	1	0.2537	0.3667	0	0	2	0.6149	2.6	2	0	7	2.0778	2.0333	1.5	0	6	1.8659	0.2333	0	0	2	0.504	0.1	0	0	1	0.3051	9.6	8	0	23	7.8723	0.3667	0	0	4	0.9279	0.1	0	0	2	0.4026	0.2	0	0	2	0.4842	0.1	0	0	2	0.4026	498.7333	541	26	923	256.952	891.5667	943	69	1672	465.1129	4.7	4.5	0	14	3.153	10.6667	9	1	43	7.9496	2.6333	2	0	10	2.1413	0.3	0	0	3	0.6513	0.5667	0	0	3	0.8172
JHH368ROI006_ROI_006.ome.tif	20483e3c-287c-4909-88cb-152782b735fd	Detection		Other: CD4 T cell	Annotation	Polygon	60.26	99.61	0.7423	36.8708	22.4409	0.9201	1	7.7343	6.7356	4447.0454	4383.5	4063	5013	263.2781	0.3182	0	0	2	0.5679	0.2727	0	0	2	0.6311	3.7273	2.5	0	9	3.5211	0.1818	0	0	2	0.5011	6.8182	2	0	34	9.5201	26.4091	27.5	13	38	6.3445	39.5909	39.5	25	53	9.465	0.0909	0	0	1	0.2942	0.0455	0	0	1	0.2132	2.5	1.5	0	8	2.7212	0.3182	0	0	2	0.5679	5.6818	4	0	26	5.8096	0.4091	0	0	2	0.5903	1.4545	1	0	6	1.7922	0.2273	0	0	1	0.4289	0.8636	0	0	6	1.4241	0.1364	0	0	1	0.3513	0	0	0	0	0	0.1818	0	0	2	0.5011	0.0909	0	0	1	0.2942	0.2273	0	0	1	0.4289	0	0	0	0	0	0.1818	0	0	2	0.5011	0.0455	0	0	1	0.2132	4.8636	3	0	18	5.3834	0.0909	0	0	1	0.2942	0.0909	0	0	1	0.2942	0.1818	0	0	1	0.3948	0.4091	0	0	2	0.7341	0.4545	0	0	3	0.8579	1.5909	0	0	13	3.142	0.0455	0	0	1	0.2132	0.6818	0	0	4	1.1291	10.6364	1.5	0	57	17.3303	0.4091	0	0	2	0.5903	0.1818	0	0	2	0.5011	0.2727	0	0	2	0.5505	3.9545	2	0	14	4.5823	3.2273	2	0	11	3.2209	0.4091	0	0	3	0.7341	0.1364	0	0	1	0.3513	2.3182	2	0	8	1.9853	0.5	0	0	3	0.8591	0.0455	0	0	1	0.2132	0.0455	0	0	1	0.2132	0.0455	0	0	1	0.2132	214.5455	149.5	43	766	199.5358	388.1364	272.5	77	1340	358.3456	4.7273	4	0	17	4.2782	12.8636	10.5	0	37	10.5076	2	1	0	6	1.6903	0.0909	0	0	1	0.2942	0.5909	0	0	4	0.9591
JHH368ROI006_ROI_006.ome.tif	3a79367a-f298-4cdf-b962-6f4b31e1904e	Detection		Other	Annotation	Polygon	71.66	42.38	0.6584	34.959	23.7626	0.778	1	9.5776	5.055	4515.7881	4474	4106	5114	234.6307	0.1515	0	0	1	0.3641	0.4242	0	0	2	0.6139	3.2727	3	0	8	2.0657	0.4848	0	0	3	0.9395	2.5455	2	0	8	1.954	25.3939	24	12	44	6.9818	40	40	23	54	7.5581	0.1818	0	0	2	0.5276	0.0909	0	0	1	0.2919	8.5758	5	0	31	8.2121	0.8485	0	0	4	1.1489	58.7273	36	1	277	69.3079	1.7273	1	0	10	2.4144	0.4848	0	0	4	0.8337	0.1818	0	0	3	0.5839	0.3636	0	0	4	0.9293	0.1818	0	0	2	0.5276	0.0303	0	0	1	0.1741	0.3636	0	0	3	0.7424	0.0606	0	0	1	0.2423	4.2727	1	0	43	8.815	0.1818	0	0	2	0.4647	0.0606	0	0	1	0.2423	0	0	0	0	0	0.8788	0	0	6	1.3407	0.5758	0	0	4	0.9692	2.303	1	0	14	3.1671	0.2424	0	0	2	0.5019	0.1212	0	0	1	0.3314	0.3636	0	0	2	0.6528	0.4242	0	0	4	0.8303	0.2727	0	0	2	0.6261	1.1818	1	0	5	1.3568	0.303	0	0	2	0.5855	0.2727	0	0	3	0.6742	0.0606	0	0	1	0.2423	0.3333	0	0	2	0.5401	0.3333	0	0	4	0.7773	3.4848	3	0	13	3.2799	0.6667	0	0	3	0.9574	0.1212	0	0	1	0.3314	2.4848	1	0	9	3.0834	1.4545	1	0	7	2.1227	0.1212	0	0	1	0.3314	0.1212	0	0	1	0.3314	0.0909	0	0	1	0.2919	337.2424	344	51	641	167.5313	619.697	676	83	1122	299.0126	9.8182	8	1	31	7.4139	6.1515	5	0	19	4.8226	3.6364	3	0	9	2.6318	0.303	0	0	3	0.6366	0.9091	1	0	3	0.9475
JHH368ROI006_ROI_006.ome.tif	940e2bab-6835-4420-9629-b7892a194174	Detection		Other	Annotation	Polygon	4.468	44.73	0.635	40.9243	24.4459	0.8606	1	9.4441	5.9501	4437.1499	4439.5	3893	5085	255.2334	0.325	0	0	2	0.6938	0.4	0	0	2	0.5905	2.35	2	0	11	2.4967	0.325	0	0	2	0.5256	2.4	2	0	8	2.296	24.325	24	15	35	4.6043	37.725	37	14	63	9.5407	0.05	0	0	1	0.2207	0.075	0	0	1	0.2667	1.425	1	0	12	2.147	0.75	0	0	5	1.1036	43.3	40	9	101	23.5951	2.4	2	0	7	1.8784	0.7	0	0	3	0.8829	0.15	0	0	2	0.483	0.025	0	0	1	0.1581	0.2	0	0	2	0.5164	0.05	0	0	1	0.2207	0.15	0	0	1	0.3616	0.075	0	0	2	0.3499	0.175	0	0	2	0.4465	0.65	0	0	3	0.8638	0.05	0	0	1	0.2207	0.05	0	0	1	0.2207	1.3	1	0	8	1.7716	0.175	0	0	1	0.3848	1.3	1	0	6	1.3048	0.1	0	0	1	0.3038	0.1	0	0	2	0.3789	0.3	0	0	5	0.9115	0.35	0	0	3	0.6622	0.175	0	0	3	0.5495	0.55	0	0	2	0.6385	0.45	0	0	4	0.8756	0.2	0	0	5	0.8228	0.025	0	0	1	0.1581	0.325	0	0	2	0.5256	0.275	0	0	5	0.8767	2.75	2	0	8	2.035	0.5	0	0	4	0.9058	0.05	0	0	1	0.2207	0.325	0	0	2	0.6938	0.325	0	0	2	0.5256	0.05	0	0	1	0.2207	0.175	0	0	2	0.4465	0.15	0	0	1	0.3616	435.025	427	19	899	212.9387	788.4	766	25	1498	391.1773	8.425	8	2	18	3.8822	4.65	4	0	13	3.3478	2.775	2	0	11	2.8955	0.375	0	0	3	0.7403	0.55	0	0	4	0.8458
JHH368ROI006_ROI_006.ome.tif	87f15b16-bc5d-45e8-806e-db894eb1c4bd	Detection		Other	Annotation	Polygon	85.27	10.72	0.6159	59.1141	28.5638	0.9105	1	9.9967	8.0775	4504.6895	4526	3817	4987	234.6296	0.1034	0	0	1	0.3072	0.4655	0	0	3	0.7543	2.2241	2	0	8	2.1525	0.4483	0	0	3	0.7052	1.8448	1	0	9	1.843	27.3966	27	15	43	6.6039	38.1897	36.5	19	55	8.1293	0.1897	0	0	2	0.476	0.1034	0	0	3	0.4468	8.6034	5.5	0	37	9.3901	0.569	0	0	4	0.8808	6.6552	4	0	39	7.7631	0.2586	0	0	2	0.4798	0.3276	0	0	2	0.6037	0.0345	0	0	1	0.1841	0.0517	0	0	1	0.2234	0.2069	0	0	3	0.5544	0.1552	0	0	2	0.4512	0.069	0	0	1	0.2556	0.0862	0	0	2	0.3395	0.3448	0	0	3	0.7146	0.1034	0	0	3	0.4468	0.0345	0	0	1	0.1841	0.0345	0	0	1	0.1841	0.3793	0	0	4	0.7213	0.3966	0	0	3	0.6473	0.1207	0	0	2	0.3783	0.1379	0	0	3	0.4757	0.0862	0	0	1	0.2831	0.1207	0	0	1	0.3286	0.2759	0	0	3	0.7205	0.4483	0	0	7	1.0289	8	8	0	21	5.3278	0.2759	0	0	2	0.4882	0.1207	0	0	3	0.4618	0.0862	0	0	2	0.3395	0.2241	0	0	2	0.4605	0.2931	0	0	2	0.5301	1.9138	1.5	0	12	2.1463	0.569	0	0	4	0.7972	0.3103	0	0	6	0.9216	0.3276	0	0	2	0.5739	0.3966	0	0	4	0.954	0.0517	0	0	1	0.2234	0.1034	0	0	1	0.3072	0.1379	0	0	2	0.3951	172.9655	167	33	410	82.197	306.8103	281.5	45	626	142.8426	3.1207	3	0	10	2.45	5.0345	3	0	20	4.6828	1.9138	1.5	0	6	1.6679	0.4138	0	0	5	0.9739	0.7414	0.5	0	4	0.947
JHH368ROI006_ROI_006.ome.tif	ecca0628-4421-47aa-97c8-abf57a003767	Detection		Other: CAF	Annotation	Polygon	81.05	15.9	0.6018	50.3046	28.6565	0.7698	0.9239	10.3294	7.1833	4528.3921	4527	4057	4912	215.5274	0.2157	0	0	2	0.5409	0.6471	0	0	6	1.1458	3.2941	3	0	9	2.2742	0.6078	0	0	8	1.3868	2.1373	2	0	7	1.6002	26.5294	26	12	43	6.8157	37.6667	37	19	54	6.8954	0.0784	0	0	1	0.2715	0.2353	0	0	2	0.4728	20.5294	14	0	72	19.2066	0.7059	0	0	3	0.9229	5.6275	4	0	19	4.233	0.1373	0	0	1	0.3475	0.6078	0	0	3	0.8962	0.0784	0	0	1	0.2715	0.0588	0	0	1	0.2376	0.0784	0	0	1	0.2715	0	0	0	0	0	0.2157	0	0	4	0.6423	0.0392	0	0	1	0.196	0.2549	0	0	3	0.6275	0.1569	0	0	2	0.4182	0.1176	0	0	1	0.3254	0	0	0	0	0	0.8235	0	0	5	1.2117	0.7059	0	0	8	1.3007	0.1765	0	0	5	0.7404	0.0588	0	0	1	0.2376	0.1569	0	0	2	0.4636	0.1176	0	0	2	0.3819	0.4314	0	0	3	0.7001	0.1961	0	0	2	0.4481	10.8235	10	1	31	7.1238	0.3137	0	0	3	0.6478	0.3529	0	0	3	0.6877	0.098	0	0	2	0.3608	0.2745	0	0	2	0.5685	0.3137	0	0	2	0.5828	2.2549	2	0	10	2.0866	0.5686	0	0	5	0.9645	0.1373	0	0	2	0.401	0.2745	0	0	2	0.5321	0.5294	0	0	4	0.9665	0	0	0	0	0	0.1176	0	0	4	0.5881	0.0588	0	0	1	0.2376	113.0196	112	7	219	53.2659	202	196	17	435	97.1681	4.6471	4	0	11	3.0583	7.2745	5	0	27	6.6576	2.3922	2	0	6	1.733	0.2157	0	0	2	0.461	0.8235	1	0	4	1.0901
JHH368ROI006_ROI_006.ome.tif	686bc6a4-aada-4fe5-9067-3fbec2e039de	Detection		Other	Annotation	Polygon	64.76	35.92	0.5944	37.1212	22.7011	0.9052	1	8.195	6.0995	4528.9209	4500	4012	4976	232.177	0.3421	0	0	2	0.6271	0.6579	0	0	3	0.9087	2.2632	1.5	0	10	2.4126	0.4474	0	0	2	0.645	1.8421	1	0	6	1.6526	26.8947	27	16	39	5.7881	40.1053	38.5	23	61	9.3456	0.1053	0	0	2	0.3883	0.0789	0	0	1	0.2733	2.9474	1	0	18	3.9657	0.2895	0	0	3	0.7318	41	17.5	1	239	52.7339	0.9211	0	0	8	1.6827	0.2368	0	0	2	0.4896	0.1579	0	0	2	0.4946	0.0526	0	0	1	0.2263	0.1579	0	0	2	0.4366	0.1842	0	0	2	0.4565	0.0263	0	0	1	0.1622	0.0526	0	0	1	0.2263	8.2895	3	0	46	10.9147	0.1316	0	0	2	0.414	0.2632	0	0	3	0.6445	0	0	0	0	0	0.6842	0	0	3	0.9616	0.7105	0	0	4	1.1834	1.3158	0	0	10	2.0415	0.3158	0	0	4	0.7748	0.3158	0	0	4	0.8089	0.3421	0	0	3	0.7453	0.3421	0	0	4	0.7453	0.3421	0	0	2	0.6271	2.0263	1	0	9	2.26	0.2895	0	0	2	0.6111	0.2105	0	0	2	0.4741	0.0789	0	0	1	0.2733	0.5263	0	0	3	0.7965	0.3684	0	0	3	0.7136	2.8158	2	0	11	3.039	0.4211	0	0	2	0.6423	0.2368	0	0	2	0.4896	1.1579	0	0	6	1.7786	1.2895	1	0	9	1.8293	0	0	0	0	0	0.0263	0	0	1	0.1622	0.0789	0	0	1	0.2733	228.4211	207	35	454	133.6265	425.8158	397.5	44	921	253.4535	7.9474	6	1	23	6.1729	5.6842	4	0	23	5.4876	3.2368	3	0	15	3.3566	0.5	0	0	2	0.726	0.7105	0	0	3	1.0374
JHH368ROI006_ROI_006.ome.tif	e840cf42-8a5a-4bfa-8473-e2a7e782d647	Detection		Other: CD4 T cell	Annotation	Polygon	33.91	55.68	0.5821	63.3143	32.9754	0.7317	1	13.9868	5.7642	4443.3491	4425	3881	5026	254.3642	0.3016	0	0	3	0.6126	0.4762	0	0	3	0.6923	3.4603	2	0	13	3.1614	0.5238	0	0	4	0.9133	3.1746	2	0	14	3.1085	25.2063	25	10	40	6.6579	40.5873	41	26	57	6.5884	0.0476	0	0	1	0.2147	0.127	0	0	2	0.3807	3.127	2	0	15	3.0874	0.5556	0	0	9	1.3533	4.5079	4	0	23	4.1886	0.3175	0	0	9	1.2804	0.619	0	0	3	0.8314	0.0635	0	0	4	0.504	2.8095	2	0	14	3.0313	34.0794	0	0	1148	180.2805	0.1429	0	0	4	0.644	0.3333	0	0	11	1.4591	0.0794	0	0	2	0.3263	0.381	0	0	3	0.7055	0.0635	0	0	1	0.2458	0.1111	0	0	1	0.3168	0.0159	0	0	1	0.126	1.8571	1	0	9	2.0229	0.4286	0	0	3	0.777	0.1746	0	0	3	0.5547	0.2063	0	0	5	0.7654	0.2857	0	0	2	0.5515	0.254	0	0	3	0.6213	0.8889	0	0	11	1.6176	0.9841	0	0	22	3.18	1.6984	1	0	10	2.1223	5.0952	1	0	84	12.104	0.3333	0	0	4	0.7405	0.0635	0	0	1	0.2458	0.254	0	0	3	0.5948	0.7778	0	0	12	1.8875	2.0317	2	0	6	1.7036	0.4444	0	0	3	0.7134	0.3016	0	0	2	0.5575	3.5714	3	0	12	3.1042	0.6984	0	0	4	0.9611	0.127	0	0	1	0.3356	0.0952	0	0	1	0.2959	0.0635	0	0	1	0.2458	329.3492	314	47	731	158.3789	602.2381	592	76	1365	296.1714	4.1429	3	0	13	2.839	5.3333	4	1	15	3.3601	1.873	1	0	6	1.4864	0.6984	0	0	10	1.4661	0.5079	0	0	4	0.8776
JHH368ROI006_ROI_006.ome.tif	a3479193-0268-44c6-a33b-b3470682eb87	Detection		Other	Annotation	Polygon	74.76	50.03	0.5785	41.9223	25.3373	0.8206	1	10.0086	5.6753	4596.2051	4570	4003	5128	261.2683	0.2308	0	0	2	0.4846	0.5128	0	0	5	0.914	3.1026	3	0	11	2.5731	0.2051	0	0	3	0.5703	2.0513	2	0	6	1.8911	26.2821	27	9	38	7.1817	40.2821	41	18	58	9.0378	0.0513	0	0	1	0.2235	0.1282	0	0	2	0.4091	3.0256	1	0	14	3.9436	0.1282	0	0	1	0.3387	4.5385	3	0	15	3.9659	0.3077	0	0	2	0.5691	0.4103	0	0	4	0.938	0.0256	0	0	1	0.1601	0.2051	0	0	2	0.469	0.0513	0	0	1	0.2235	0.0769	0	0	1	0.27	0.1282	0	0	1	0.3387	0.5128	0	0	18	2.8825	0.1538	0	0	2	0.4315	0.0256	0	0	1	0.1601	0	0	0	0	0	0	0	0	0	0	0.4872	0	0	5	0.9423	0.2564	0	0	3	0.6373	0.1538	0	0	4	0.6704	0.0769	0	0	1	0.27	0.0513	0	0	1	0.2235	0.0513	0	0	1	0.2235	0.2821	0	0	3	0.6468	0.2564	0	0	3	0.6774	3	2	0	14	3.2767	0.2564	0	0	2	0.5486	0.2564	0	0	3	0.6373	0.0256	0	0	1	0.1601	0.1026	0	0	2	0.3835	0.0769	0	0	1	0.27	1.2564	1	0	7	1.5681	0.2051	0	0	1	0.4091	0.1282	0	0	5	0.8006	1.8462	1	0	16	2.9338	0.1795	0	0	2	0.4514	0.0769	0	0	1	0.27	0.0769	0	0	1	0.27	0.1026	0	0	1	0.3074	337.1282	339	94	644	137.5475	615.6154	577	164	1121	248.9363	4.1538	3	0	17	3.5655	2.5897	2	0	8	1.9428	1.359	1	0	5	1.3276	0.3333	0	0	5	0.9823	0.359	0	0	2	0.5843
JHH368ROI006_ROI_006.ome.tif	c7e455a7-9a33-431a-8a93-646dec38389b	Detection		Other	Annotation	Polygon	79.25	56.85	0.5646	31.45	21.8417	0.8284	1	8.1888	5.7288	4437.9033	4394	4016	5060	221.9232	0.1613	0	0	1	0.3739	0.4194	0	0	2	0.672	3.8387	3	0	11	2.9676	0.4839	0	0	4	0.8112	1.5161	1	0	4	1.2615	25.0323	26	15	35	5.3634	38.5161	39	21	54	7.6632	0.0968	0	0	1	0.3005	0.0323	0	0	1	0.1796	1.9032	1	0	10	2.1963	0.8065	0	0	4	1.0139	10.7419	9	2	30	6.4496	0.3871	0	0	6	1.1159	0.2258	0	0	2	0.4973	0.0323	0	0	1	0.1796	0.0645	0	0	1	0.2497	0.2581	0	0	3	0.6308	0.1613	0	0	2	0.4544	0.2903	0	0	2	0.5884	0.0645	0	0	1	0.2497	3.3548	1	0	20	4.9635	0.0645	0	0	2	0.3592	0.0968	0	0	1	0.3005	0.0645	0	0	1	0.2497	0.3871	0	0	2	0.6152	0.2581	0	0	1	0.4448	0.4194	0	0	3	0.7648	0.0968	0	0	1	0.3005	0.1613	0	0	3	0.6375	0.2258	0	0	3	0.6688	0.1613	0	0	2	0.4544	0.2903	0	0	2	0.5884	1.129	1	0	5	1.4774	0.8387	0	0	6	1.3928	0.1613	0	0	2	0.4544	0.0645	0	0	1	0.2497	0.2903	0	0	2	0.5287	0.4516	0	0	3	0.7676	2.1613	2	0	6	1.8636	0.5806	0	0	4	1.2048	0.1613	0	0	2	0.5226	0.5484	0	0	2	0.6239	0.1613	0	0	1	0.3739	0.0645	0	0	1	0.2497	0.0968	0	0	1	0.3005	0.0968	0	0	1	0.3005	272.3548	271	50	509	128.4717	492.8387	464	93	1018	241.5252	7.6452	8	1	20	4.5133	4.1613	4	0	11	2.853	1.7097	1	0	8	1.6772	0.5806	0	0	4	0.886	0.5806	0	0	2	0.672
JHH368ROI006_ROI_006.ome.tif	4aa19242-0e4e-4ee9-8a28-6795e59cd9ed	Detection		Other	Annotation	Polygon	24.01	62.23	0.563	59.4761	29.9221	0.8348	1	11.9316	6.5343	4428.5425	4404	3971	5056	244.9858	0.1186	0	0	1	0.3261	0.3898	0	0	2	0.6164	3.4407	3	0	10	2.3582	0.2881	0	0	3	0.6446	1.678	1	0	7	1.6235	26.2712	27	16	46	5.9098	39.339	39	22	67	9.3746	0.0508	0	0	2	0.2891	0.0847	0	0	1	0.2809	6.2034	4	0	30	5.1987	0.5593	0	0	4	0.8361	20.5932	17	2	64	15.0093	0.5424	0	0	2	0.7269	0.3729	0	0	3	0.6669	0.1864	0	0	2	0.4725	0.0847	0	0	2	0.3367	3.9831	0	0	193	25.192	0.0678	0	0	1	0.2536	0.1525	0	0	1	0.3626	0.1525	0	0	4	0.5817	0.2373	0	0	2	0.5675	0.2034	0	0	2	0.4835	0.1017	0	0	1	0.3048	0.0339	0	0	1	0.1825	0.5932	0	0	4	1.0359	0.3898	0	0	5	0.9829	0.6271	0	0	7	1.2303	0.1356	0	0	1	0.3453	0.1186	0	0	1	0.3261	0.1186	0	0	2	0.3753	0.5593	0	0	4	0.8564	0.3559	0	0	8	1.1561	2.1864	1	0	11	2.7258	0.2712	0	0	3	0.6111	0.1525	0	0	2	0.4074	0.1017	0	0	3	0.4805	0.3898	0	0	3	0.766	0.1356	0	0	1	0.3453	2	2	0	8	1.8383	0.4407	0	0	4	0.8361	0.1864	0	0	2	0.4725	0.7627	0	0	9	1.5684	0.8814	1	0	4	1.0841	0.1017	0	0	1	0.3048	0.0847	0	0	2	0.3367	0.0678	0	0	1	0.2536	156.8475	147	17	340	84.7222	283.1864	262	42	637	149.7442	4.8305	4	0	17	3.992	5	4	0	18	3.9172	1.678	1	0	8	1.7364	0.339	0	0	3	0.7098	0.7119	0	0	3	0.9294
JHH368ROI006_ROI_006.ome.tif	77cb8ef1-266f-4fdc-9b7b-237443e4253e	Detection		Other: CAF	Annotation	Polygon	52.99	33.18	0.5594	44.1965	25.5521	0.8506	1	9.9843	6.63	4626.4443	4615	4115	5058	213.7406	0.3111	0	0	2	0.5144	0.6889	0	0	3	0.9001	3.8	3	0	13	3.3001	0.3333	0	0	2	0.5222	2.6889	3	0	10	2.1619	26.6667	25	15	44	6.7285	37.9778	38	15	54	9.0365	0.2	0	0	3	0.6252	0.1333	0	0	2	0.4045	6.2	2	0	50	9.5931	0.7111	0	0	5	1.1205	16.3111	15	2	41	10.4268	0.5333	0	0	3	0.7862	0.4444	0	0	5	0.9898	0.2222	0	0	3	0.5596	1.2	0	0	14	3.1666	0.6444	0	0	17	2.5863	0.1111	0	0	2	0.3827	0.2	0	0	2	0.4573	0.1333	0	0	2	0.4573	4.2889	2	0	24	6.025	0.2	0	0	2	0.5477	0.1111	0	0	2	0.3827	0	0	0	0	0	0.6444	0	0	4	1.0478	0.4222	0	0	2	0.6905	0.5111	0	0	4	0.92	0.3778	0	0	3	0.6839	0.1778	0	0	3	0.5347	0.4	0	0	3	0.6537	0.2444	0	0	1	0.4346	0.4444	0	0	4	0.8409	3.6	3	0	13	3.0999	1.1333	0	0	6	1.7399	0.5333	0	0	3	0.8686	0.0444	0	0	1	0.2084	0.6889	0	0	4	1.0834	0.4667	0	0	4	0.9439	3.5111	2	0	11	3.1524	0.7556	0	0	3	0.9084	0.4667	0	0	6	1.1402	0.5778	0	0	3	0.8391	0.7111	0	0	6	1.2362	0.1556	0	0	1	0.3665	0.0889	0	0	1	0.2878	0.0889	0	0	1	0.2878	119.1778	105	22	325	73.1823	217.0889	196	41	545	126.8184	9.3778	10	2	25	5.127	4.5778	4	0	10	3.071	2.9778	2	0	11	2.4633	0.4667	0	0	5	0.9195	0.7333	0	0	8	1.3718
JHH368ROI006_ROI_006.ome.tif	259decbd-c247-4241-9972-1c2748a4f5be	Detection		Other	Annotation	Polygon	22.87	76.07	0.5566	42.8594	26.3226	0.7773	1	10.6644	5.4928	4553.6665	4528	3995	5367	283.3089	0.1905	0	0	2	0.4547	0.4048	0	0	2	0.5437	2.1667	1.5	0	7	2.1175	0.381	0	0	4	0.854	2.1905	2	0	7	1.7564	24.9762	24	14	41	6.535	41.1905	42	24	58	7.674	0.1905	0	0	2	0.4547	0.1905	0	0	2	0.4547	1.6667	1	0	9	2.2379	0.2381	0	0	3	0.6172	8.119	5.5	0	28	7.7182	0.4286	0	0	2	0.7034	0.119	0	0	2	0.3952	0.0476	0	0	1	0.2155	0.6905	0	0	7	1.3523	0.119	0	0	1	0.3278	0.0952	0	0	1	0.2971	0.1429	0	0	2	0.4722	0.119	0	0	2	0.3952	0.3095	0	0	3	0.7805	0.0238	0	0	1	0.1543	0.0714	0	0	1	0.2607	0	0	0	0	0	0.6667	0	0	6	1.2231	0.119	0	0	1	0.3278	0.3095	0	0	2	0.5174	0.1905	0	0	3	0.5516	0.1429	0	0	2	0.4174	0.1429	0	0	1	0.3542	0.4524	0	0	3	0.8612	0.2143	0	0	2	0.4704	2.119	1.5	0	8	2.0025	0.2143	0	0	1	0.4153	0.1429	0	0	2	0.4174	0.0476	0	0	1	0.2155	0.1667	0	0	2	0.4371	0.1429	0	0	1	0.3542	2.1905	1	0	9	2.3399	0.3571	0	0	4	0.8211	0.0714	0	0	1	0.2607	3.2857	1	0	22	4.8554	0.5714	0	0	6	1.0393	0.0238	0	0	1	0.1543	0.119	0	0	2	0.3952	0.119	0	0	1	0.3278	301.3571	318	28	605	156.1278	545.2381	531	32	1116	291.3059	5.2381	5	1	11	3.0588	5.9286	5.5	0	13	3.6851	1.7381	1.5	0	9	1.7815	0.4286	0	0	2	0.5474	0.8333	0	0	7	1.5289
JHH368ROI006_ROI_006.ome.tif	d6ca72cd-19f6-4c69-b0b5-218956224956	Detection		HLA-DR: Other	Annotation	Polygon	0.1766	73.39	0.5458	54.5968	30.5527	0.735	0.9619	11.9518	6.4798	4559.25	4638.5	3752	5026	300.3376	0.1071	0	0	1	0.315	0.5	0	0	2	0.5774	3.0357	2	0	12	2.5456	0.3929	0	0	2	0.6853	2.3214	2	0	8	1.9447	23.7857	23	8	35	6.4427	39.2857	40.5	22	48	6.0666	0.25	0	0	2	0.5182	0.1429	0	0	1	0.3563	2.6429	2	0	18	3.5299	0.4286	0	0	2	0.6341	6.1429	5.5	0	17	4.0342	0.0357	0	0	1	0.189	0.3929	0	0	2	0.6289	0.1071	0	0	1	0.315	3.6429	2.5	0	14	3.5194	0.1071	0	0	1	0.315	0.2857	0	0	4	0.81	0.1429	0	0	2	0.4484	0.1071	0	0	2	0.4163	0.5	0	0	2	0.7935	0.0357	0	0	1	0.189	0.2143	0	0	4	0.7868	0.0357	0	0	1	0.189	1.1786	1	0	5	1.2188	0.5357	0	0	4	0.9616	0.1429	0	0	1	0.3563	0.0714	0	0	1	0.2623	0.0714	0	0	1	0.2623	0.1786	0	0	2	0.4756	0.2143	0	0	3	0.6299	0.3214	0	0	5	1.0203	0.3214	0	0	1	0.4756	0.5357	0	0	4	0.8812	0.1786	0	0	2	0.4756	0.0357	0	0	1	0.189	0.0714	0	0	1	0.2623	0.1786	0	0	1	0.39	3.1429	3	0	11	2.5198	0.5714	0.5	0	2	0.6341	0.1429	0	0	1	0.3563	16.6071	14.5	2	53	11.0431	0.7857	1	0	3	0.8759	0.1429	0	0	1	0.3563	0	0	0	0	0	0.0714	0	0	1	0.2623	339.7857	404.5	18	757	209.1121	605.4286	715	30	1403	378.5793	3	2	0	11	2.5092	4.6429	4.5	0	11	3.2228	1.75	2	0	8	1.8384	0.4643	0	0	4	0.8812	1.0714	0	0	5	1.6539
JHH368ROI006_ROI_006.ome.tif	e7c7c6da-b756-43c9-b468-c50d61b7df61	Detection		Other	Annotation	Polygon	21.87	100.01	0.5456	46.7757	26.2416	0.8536	0.9538	8.7922	7.5804	4575.6958	4538	4230	5189	244.0925	0.1304	0	0	1	0.3444	0.5217	0	0	2	0.6653	4.6087	3	0	19	4.031	0.8261	1	0	3	0.9367	2.3478	2	0	11	2.5514	26	25	12	47	7.8277	37.4783	39	21	46	6.3092	0.087	0	0	1	0.2881	0	0	0	0	0	11.087	10	3	31	6.4238	0.5217	0	0	2	0.7305	12.9565	13	3	26	6.7182	0.2174	0	0	1	0.4217	0.6522	0	0	3	0.9346	0	0	0	0	0	0.087	0	0	1	0.2881	0.1304	0	0	1	0.3444	0.1304	0	0	2	0.4577	0.1304	0	0	2	0.4577	0.0435	0	0	1	0.2085	0	0	0	0	0	0.2609	0	0	3	0.6887	0.087	0	0	1	0.2881	0.0435	0	0	1	0.2085	0.6087	0	0	5	1.2336	0.3043	0	0	2	0.5588	0.6087	0	0	3	0.9881	0.0435	0	0	1	0.2085	0.087	0	0	1	0.2881	0.1304	0	0	1	0.3444	0.5217	0	0	3	0.9472	0.1739	0	0	1	0.3876	5.8696	4	0	16	4.5157	0.3043	0	0	3	0.7029	0.1739	0	0	2	0.491	0.087	0	0	1	0.2881	0.1739	0	0	1	0.3876	0.2609	0	0	2	0.5408	2.5652	2	0	6	1.7275	0.6522	0	0	3	1.0706	0.2174	0	0	3	0.6713	0.8696	0	0	8	1.9378	1.8261	1	0	6	1.6963	0.087	0	0	1	0.2881	0.0435	0	0	1	0.2085	0.0435	0	0	1	0.2085	178.1739	180	81	247	44.0533	322.1304	312	148	461	80.437	2.9565	2	0	11	3.1112	4.7391	5	0	16	3.3739	1.8261	2	0	6	1.5566	0.5217	0	0	4	1.1229	0.8696	0	0	8	1.8167
JHH368ROI006_ROI_006.ome.tif	e2b95242-d3ae-4621-86e0-30658fe5d7f5	Detection		Other	Annotation	Polygon	23.67	25.37	0.5422	28.2197	20.6136	0.8346	1	7.819	5.2826	4505.8521	4429	3846	5378	367.2257	0.037	0	0	1	0.1925	0.4444	0	0	2	0.5774	2.6296	2	0	5	1.2755	0.1481	0	0	2	0.456	1.8148	1	0	5	1.5451	27.2593	27	17	38	5.558	39.4444	38	27	67	8.2524	0.1111	0	0	1	0.3203	0.037	0	0	1	0.1925	1.4074	1	0	7	1.9067	0.2963	0	0	1	0.4653	6.1111	3	0	36	8.4732	0.1852	0	0	2	0.4833	0.0741	0	0	1	0.2669	0.037	0	0	1	0.1925	0.1111	0	0	1	0.3203	0.1852	0	0	2	0.4833	0.037	0	0	1	0.1925	0.0741	0	0	1	0.2669	0.037	0	0	1	0.1925	0.1111	0	0	1	0.3203	0	0	0	0	0	0.1481	0	0	2	0.456	0	0	0	0	0	0.1111	0	0	1	0.3203	0.0741	0	0	1	0.2669	0.3333	0	0	4	0.8771	0.1111	0	0	1	0.3203	0.037	0	0	1	0.1925	0.1481	0	0	2	0.456	0.1111	0	0	1	0.3203	0.1481	0	0	1	0.362	0.8889	1	0	3	1.0127	0.4444	0	0	2	0.7511	0.0741	0	0	1	0.2669	0	0	0	0	0	0.1481	0	0	1	0.362	0.1111	0	0	1	0.3203	0.5185	0	0	4	0.9352	0.2593	0	0	2	0.5257	0.0741	0	0	1	0.2669	0.4074	0	0	4	0.8884	0.7778	0	0	3	0.974	0.037	0	0	1	0.1925	0.0741	0	0	1	0.2669	0.037	0	0	1	0.1925	150.4444	138	8	322	83.1446	271.0741	259	12	509	147.8812	2.2222	2	0	8	2.0444	2.2222	2	0	8	2.1897	1.3333	1	0	4	1.1094	0.3704	0	0	2	0.6293	0.3704	0	0	2	0.5649
JHH368ROI006_ROI_006.ome.tif	9029ff1f-cfe7-49e3-8696-1917de68d4e4	Detection		Other	Annotation	Polygon	55.96	92.1	0.5418	35.0264	22.4616	0.8724	1	7.9821	5.9893	4495.7271	4455	4198	4878	216.3369	0.1515	0	0	1	0.3641	0.4242	0	0	2	0.6629	3.3939	2	0	14	3.051	0.4545	0	0	2	0.7538	1.2424	1	0	4	1.0616	26.2424	26	15	38	6.2351	39.7576	38	30	58	7.2329	0.1515	0	0	3	0.6185	0.1212	0	0	1	0.3314	2.7879	2	0	12	2.5219	0.1212	0	0	1	0.3314	2.5455	1	0	11	2.8624	0.0909	0	0	1	0.2919	0.3333	0	0	4	0.8165	0.0303	0	0	1	0.1741	0.1515	0	0	2	0.4417	0.0303	0	0	1	0.1741	0.0303	0	0	1	0.1741	0.0606	0	0	1	0.2423	0.0303	0	0	1	0.1741	0.2424	0	0	3	0.7084	0.0606	0	0	2	0.3482	0.1212	0	0	4	0.6963	0	0	0	0	0	0.3939	0	0	3	0.6586	0.2727	0	0	3	0.7191	0.0303	0	0	1	0.1741	0.1212	0	0	1	0.3314	0.0606	0	0	2	0.3482	0.0909	0	0	1	0.2919	0.1212	0	0	3	0.5453	0.1818	0	0	1	0.3917	0.3333	0	0	2	0.6455	0.1515	0	0	1	0.3641	0.0303	0	0	1	0.1741	0	0	0	0	0	0	0	0	0	0	0.1212	0	0	2	0.4151	0.6061	1	0	2	0.6586	0.0303	0	0	1	0.1741	0.0606	0	0	1	0.2423	1.0606	1	0	6	1.3906	0.2121	0	0	1	0.4151	0.1212	0	0	3	0.5453	0.0303	0	0	1	0.1741	0.0303	0	0	1	0.1741	92.2727	75	12	249	66.693	177.2727	151	38	433	115.759	2.8182	2	0	10	2.4038	1.3333	1	0	6	1.5745	0.7576	0	0	4	1.2998	0.303	0	0	2	0.5294	0.4848	0	0	1	0.5075
JHH368ROI006_ROI_006.ome.tif	d6b174c3-be2c-40f9-992f-4d131dfcf87e	Detection		Other	Annotation	Polygon	37.82	68.7	0.5263	33.9576	21.7842	0.8992	1	8.2052	5.8509	4520.1177	4489.5	4176	5312	256.1144	0.2647	0	0	2	0.511	0.5882	0	0	4	0.9883	2.6176	2.5	0	11	2.2832	0.2647	0	0	2	0.511	2.9412	2	0	14	2.8491	27.1471	26	15	44	7.0114	38.8529	39	23	52	6.4907	0.2059	0	0	1	0.4104	0.2059	0	0	2	0.4786	3.2941	2	0	9	2.6689	0.4706	0	0	3	0.7481	23.1471	22	2	66	17.6912	0.7059	0	0	4	0.9701	0.3824	0	0	3	0.652	0.0294	0	0	1	0.1715	3.5294	2.5	0	21	4.7878	0.1765	0	0	3	0.5758	0.2059	0	0	2	0.5382	0.0882	0	0	1	0.2879	0.2059	0	0	2	0.4786	0.1176	0	0	1	0.327	0.2059	0	0	3	0.5918	0.0882	0	0	3	0.5145	0	0	0	0	0	1.2941	1	0	4	1.1685	0.2941	0	0	2	0.5239	0.6176	0	0	4	1.1014	0.0588	0	0	1	0.2388	0.0882	0	0	1	0.2879	0.1765	0	0	2	0.4586	0.7647	0	0	7	1.372	0.1471	0	0	1	0.3595	4	3.5	0	16	3.2567	0.6471	0	0	4	1.0977	0.1765	0	0	2	0.4586	0.1176	0	0	1	0.327	0.1765	0	0	2	0.5205	0.2941	0	0	2	0.5239	2.5882	2	0	7	1.8606	0.5294	0	0	4	0.9288	0.3235	0	0	2	0.5888	2.6176	2	0	11	2.7636	0.6765	0	0	5	1.0652	0.0882	0	0	1	0.2879	0.0294	0	0	1	0.1715	0	0	0	0	0	195.9118	202.5	27	362	75.3969	344.2647	352.5	49	656	139.4473	5.1176	4	0	11	3.0228	4.2647	4	0	9	2.2738	2.3235	2	0	7	1.8377	0.3824	0	0	3	0.697	0.8824	0	0	5	1.2496
JHH368ROI006_ROI_006.ome.tif	038bd78e-2d1b-428f-8128-23e8975f7dd4	Detection		Other	Annotation	Polygon	63.02	91.39	0.5252	42.8063	26.5188	0.7649	1	10.4303	6.0423	4529.9771	4550.5	3967	5161	264.9338	0.2273	0	0	1	0.4239	0.4545	0	0	3	0.6973	2.75	2.5	0	8	2.2529	0.5227	0	0	3	0.8209	2	2	0	6	1.4142	26.1591	26.5	13	49	6.5235	38.5455	37	28	58	8.1139	0.0909	0	0	1	0.2908	0.1591	0	0	2	0.4283	7.4773	6.5	0	19	5.2407	0.5909	0	0	4	1.0635	9.5455	8	1	40	8.039	0.2727	0	0	2	0.5852	0.2727	0	0	2	0.5852	0.0909	0	0	1	0.2908	1.5909	0	0	14	3.0141	0.0909	0	0	1	0.2908	0.1364	0	0	2	0.4087	0.1591	0	0	2	0.4283	0.0455	0	0	1	0.2107	0.3636	0	0	2	0.5743	0.0455	0	0	1	0.2107	0.0682	0	0	2	0.3339	0.0455	0	0	1	0.2107	0.6591	0	0	6	1.2565	0.2727	0	0	2	0.5852	0.4545	0	0	3	0.7911	0.0909	0	0	4	0.603	0.0227	0	0	1	0.1508	0.1136	0	0	1	0.321	0.2955	0	0	2	0.5532	0.1136	0	0	2	0.3868	1.8636	1	0	11	2.3585	0.3409	0	0	3	0.7134	0.0227	0	0	1	0.1508	0.0227	0	0	1	0.1508	0.2273	0	0	4	0.6773	0.1364	0	0	2	0.4087	1.1591	1	0	6	1.4776	0.4318	0	0	6	0.9976	0.1364	0	0	2	0.4087	4.7727	3	0	22	5.7904	0.6818	0	0	5	1.0734	0.0909	0	0	2	0.362	0.0909	0	0	3	0.4734	0.0227	0	0	1	0.1508	180.5227	156.5	7	433	107.101	317.9318	286	28	655	177.903	3.6818	3	0	9	2.2389	5.2045	4.5	1	16	3.3728	1.5227	1	0	9	1.7978	0.1818	0	0	2	0.4458	0.5455	0	0	3	0.8199
JHH368ROI006_ROI_006.ome.tif	0998c837-34e7-42bd-b2e0-35432c1a8601	Detection		Other	Annotation	Polygon	34.78	35.93	0.5102	23.0415	18.36	0.859	1	6.9366	4.5631	4561.25	4511.5	4258	5062	237.6849	0.625	0	0	3	0.8242	0.4167	0	0	2	0.5836	5.5833	5	0	14	4.3431	0.4583	0	0	3	0.779	1.4583	1	0	5	1.3507	26.9583	27.5	14	36	5.3688	37.9167	36.5	25	57	7.6096	0.125	0	0	1	0.3378	0.125	0	0	1	0.3378	0.9583	0	0	5	1.4885	0.0417	0	0	1	0.2041	1.125	1	0	5	1.3613	0.0833	0	0	1	0.2823	0.7917	0	0	5	1.2847	0.0417	0	0	1	0.2041	0.0417	0	0	1	0.2041	0.0833	0	0	2	0.4082	0.0417	0	0	1	0.2041	0.0833	0	0	1	0.2823	0.125	0	0	2	0.4484	0	0	0	0	0	0.1667	0	0	4	0.8165	0.0417	0	0	1	0.2041	0	0	0	0	0	1.3333	1	0	5	1.4646	0.1667	0	0	3	0.637	0.0833	0	0	2	0.4082	0	0	0	0	0	0.125	0	0	1	0.3378	0.0417	0	0	1	0.2041	0	0	0	0	0	0.125	0	0	2	0.4484	0.2917	0	0	6	1.2329	0.125	0	0	1	0.3378	0.0417	0	0	1	0.2041	0.0833	0	0	1	0.2823	0.0417	0	0	1	0.2041	1.4167	1	0	6	1.6918	0.75	0	0	4	1.2247	0.125	0	0	1	0.3378	0.0417	0	0	1	0.2041	0.375	0	0	2	0.5758	0	0	0	0	0	0.0417	0	0	1	0.2041	0.125	0	0	1	0.3378	0.0833	0	0	1	0.2823	270.7083	170	11	793	234.2155	482.1667	326	42	1351	407.5493	1.7917	1.5	0	4	1.3181	4	3	0	18	3.9891	1.7083	2	0	4	1.4289	0.125	0	0	1	0.3378	0.5	0	0	2	0.7223
JHH368ROI006_ROI_006.ome.tif	bc7a1f26-1d30-449b-92f3-072f1045f35e	Detection		Other	Annotation	Polygon	99.7	52.72	0.5072	46.2271	26.937	0.8006	0.9517	10	6.3058	4384.6538	4416.5	3944	5024	255.0598	0.1154	0	0	2	0.4315	0.5385	0	0	2	0.7606	4.0385	4	1	8	1.8435	0.3077	0	0	2	0.6177	2.4231	2.5	0	6	1.6775	25.6538	26	13	40	6.5662	36.5385	36.5	24	53	7.2401	0.0769	0	0	1	0.2717	0.1154	0	0	1	0.3258	6.1538	4.5	0	17	4.8307	0.3846	0	0	2	0.5711	11	9	1	33	7.9246	0.2692	0	0	2	0.5335	0.3462	0	0	2	0.5616	0.0769	0	0	1	0.2717	0.0385	0	0	1	0.1961	0	0	0	0	0	0.0385	0	0	1	0.1961	0.0769	0	0	1	0.2717	0.3077	0	0	7	1.379	0.6923	0	0	3	0.884	0.1538	0	0	1	0.3679	0.0769	0	0	1	0.2717	0	0	0	0	0	0.3846	0	0	3	0.6972	0.2308	0	0	1	0.4297	0.4231	0	0	3	0.9454	0.0385	0	0	1	0.1961	0.1154	0	0	1	0.3258	0.2692	0	0	3	0.6668	0.1154	0	0	2	0.4315	0.1538	0	0	1	0.3679	5.3077	4	0	18	5.6197	0.2692	0	0	1	0.4523	0.0385	0	0	1	0.1961	0.0385	0	0	1	0.1961	0.4615	0	0	5	1.2077	0.1154	0	0	1	0.3258	1.1154	1	0	5	1.1429	0.3846	0	0	4	0.8521	0.1923	0	0	4	0.801	0.9615	0.5	0	5	1.28	0.5385	0	0	3	0.9047	0.0385	0	0	1	0.1961	0.0385	0	0	1	0.1961	0.1538	0	0	2	0.4641	131.8077	134	34	273	68.0047	244.8077	255.5	40	483	118.4689	5.0769	4.5	0	15	4.0192	4.1538	5	0	11	2.4931	1.6923	1	0	6	1.6191	0.3462	0	0	3	0.6895	0.6923	0	0	3	0.9282
JHH368ROI006_ROI_006.ome.tif	9fbea23f-6049-41e8-bff0-703b47e1bbb0	Detection		Other	Annotation	Polygon	83.71	1.332	0.4952	40.3657	25.4117	0.7855	1	10.3517	5.4026	4613.8521	4659	4124	5414	298.0437	0.1111	0	0	1	0.3203	0.2593	0	0	2	0.5257	5.3704	4	0	19	4.3866	0.4444	0	0	4	0.9337	1.8519	1	0	6	1.8335	26.7778	25	16	45	6.9189	41.6667	39	26	61	8.517	0.037	0	0	1	0.1925	0.1111	0	0	1	0.3203	3.1481	1	0	12	3.82	0.3704	0	0	3	0.7917	5.3333	5	0	21	4.8437	0.1852	0	0	2	0.5573	0.5185	0	0	5	1.1559	0	0	0	0	0	0.0741	0	0	1	0.2669	0.1852	0	0	3	0.6225	0.0741	0	0	1	0.2669	0.037	0	0	1	0.1925	0.0741	0	0	1	0.2669	0.1111	0	0	1	0.3203	0	0	0	0	0	0.0741	0	0	1	0.2669	0.037	0	0	1	0.1925	0.4074	0	0	3	0.8884	0.2593	0	0	2	0.5257	0.0741	0	0	1	0.2669	0.2222	0	0	2	0.5064	0.0741	0	0	1	0.2669	0.1111	0	0	1	0.3203	0.2593	0	0	1	0.4466	0.1852	0	0	2	0.4833	2.7407	2	0	8	2.5957	0.4074	0	0	2	0.636	0.1111	0	0	1	0.3203	0.037	0	0	1	0.1925	0.1481	0	0	2	0.456	0.037	0	0	1	0.1925	1.037	1	0	4	1.126	0.4815	0	0	6	1.1887	0.0741	0	0	1	0.2669	0.7037	0	0	4	1.0309	0.2963	0	0	2	0.6086	0	0	0	0	0	0.0741	0	0	1	0.2669	0.037	0	0	1	0.1925	72.4074	73	10	147	38.7589	121.1852	112	12	251	67.1938	2.4444	2	0	7	1.9081	2.1852	1	0	11	3.0639	0.963	1	0	3	1.0554	0.4074	0	0	2	0.636	0.4815	0	0	3	0.8024
JHH368ROI006_ROI_006.ome.tif	6cc85a70-a6e4-49ce-80a3-41a08c3c5cea	Detection		HLA-DR: CAF	Annotation	Polygon	57.76	77.9	0.4947	24.7601	18.8582	0.8749	1	6.9726	5.1482	4579.4585	4601	4107	4960	246.0092	0.375	0	0	3	0.8242	0.25	0	0	2	0.5316	3.375	3	0	10	2.5844	0.375	0	0	1	0.4945	2.4167	2	0	7	1.5299	26.75	26	11	46	8.0339	39.625	41.5	25	56	8.5558	0.2083	0	0	1	0.4149	0.125	0	0	1	0.3378	7.875	6	0	31	7.6118	0.625	0	0	3	0.9237	8.2917	8	1	18	4.3587	0.25	0	0	1	0.4423	0.1667	0	0	1	0.3807	0.125	0	0	1	0.3378	2.4167	1.5	0	9	2.8271	0.0833	0	0	1	0.2823	0.0417	0	0	1	0.2041	0.0417	0	0	1	0.2041	0	0	0	0	0	0.4583	0	0	3	0.779	0.0833	0	0	1	0.2823	0.1667	0	0	2	0.4815	0	0	0	0	0	1.5	1	0	7	1.8178	0.25	0	0	3	0.6757	0.3333	0	0	2	0.5647	0.0833	0	0	1	0.2823	0.0833	0	0	1	0.2823	0.0417	0	0	1	0.2041	0.4583	0	0	4	0.9315	0.4167	0	0	2	0.7173	0.875	0	0	5	1.227	0.125	0	0	1	0.3378	0.3333	0	0	2	0.5647	0	0	0	0	0	0.3333	0	0	3	0.702	0.2083	0	0	2	0.509	1.3333	1	0	4	1.274	0.5417	0	0	2	0.7211	0.1667	0	0	1	0.3807	10.375	8	1	31	9.1358	1.2083	1	0	6	1.5317	0.125	0	0	2	0.4484	0.0417	0	0	1	0.2041	0.0417	0	0	1	0.2041	98.6667	85.5	16	252	56.1339	176.0417	161.5	42	476	107.3865	3.9583	3	1	11	2.9706	7.9583	6	1	20	5.6835	2.5	2	0	6	1.956	0.0833	0	0	1	0.2823	0.6667	1	0	2	0.5647
JHH368ROI006_ROI_006.ome.tif	ca6c2353-c8a9-4a0e-8335-daab78f95378	Detection		Other: CAF	Annotation	Polygon	51.69	57.4	0.492	35.2642	23.3893	0.81	0.9941	9.1468	5.3292	4466.3716	4442	3862	5076	294.8484	0.0857	0	0	1	0.284	0.1143	0	0	1	0.3228	6.1143	5	0	20	5.0919	0.8	0	0	5	1.2078	1.4571	1	0	4	1.3578	24.5143	24	16	39	6.391	40.8	40	17	62	10.0346	0.1143	0	0	1	0.3228	0	0	0	0	0	9.9714	2	0	170	30.1374	0.2286	0	0	2	0.547	3.7714	3	0	17	3.8888	0.1714	0	0	1	0.3824	0.2286	0	0	2	0.5983	0.0286	0	0	1	0.169	0.0571	0	0	1	0.2355	0.1429	0	0	3	0.55	0.1143	0	0	1	0.3228	0.0857	0	0	1	0.284	0.0571	0	0	1	0.2355	0.2571	0	0	4	0.78	0.1143	0	0	2	0.4038	0.0857	0	0	2	0.3735	0.0286	0	0	1	0.169	0.0857	0	0	3	0.5071	0.2	0	0	2	0.4728	0.1429	0	0	2	0.43	0.0857	0	0	2	0.3735	0.0857	0	0	1	0.284	0.0571	0	0	2	0.3381	0.0857	0	0	2	0.3735	0.0857	0	0	1	0.284	1.7143	1	0	10	2.4802	0.3429	0	0	3	0.6835	0.0857	0	0	1	0.284	0	0	0	0	0	0.2571	0	0	4	0.7413	0.0571	0	0	1	0.2355	0.8571	1	0	3	0.9121	0.2857	0	0	2	0.6217	0	0	0	0	0	0.3429	0	0	2	0.6391	0.3714	0	0	2	0.547	0	0	0	0	0	0	0	0	0	0	0.0286	0	0	1	0.169	81.6571	57	1	252	68.898	151.0857	96	10	433	122.4066	2.0286	1	0	8	2.3071	1.8571	1	0	7	2.1302	0.7714	0	0	3	0.9727	0.2857	0	0	2	0.5186	0.4	0	0	2	0.6508
JHH368ROI006_ROI_006.ome.tif	41a21fc9-4b14-4ca0-9dce-bf2223ed1aef	Detection		HLA-DR: Other	Annotation	Polygon	19.99	9.705	0.4901	19.7085	16.9991	0.8571	1	6.3157	4.7123	4537.3335	4583.5	4018	4993	250.8726	0.3889	0	0	1	0.5016	0.8889	0.5	0	6	1.4507	3.1111	2.5	0	9	2.5412	0.3333	0	0	2	0.686	1.5556	1.5	0	4	1.2472	24.3889	24.5	17	31	4.2307	42	42	22	55	9.4059	0.2222	0	0	2	0.5483	0.0556	0	0	1	0.2357	2.8889	1	0	17	4.0857	0.2222	0	0	1	0.4278	5.6667	4	0	27	6.2779	0.2222	0	0	1	0.4278	0.2778	0	0	1	0.4609	0	0	0	0	0	0.3889	0	0	3	0.8498	0.0556	0	0	1	0.2357	0.0556	0	0	1	0.2357	0.0556	0	0	1	0.2357	0.0556	0	0	1	0.2357	0.1667	0	0	1	0.3835	0	0	0	0	0	0	0	0	0	0	0	0	0	0	0	0.8333	1	0	3	0.9852	0.0556	0	0	1	0.2357	0.1111	0	0	1	0.3234	0.0556	0	0	1	0.2357	0	0	0	0	0	0.0556	0	0	1	0.2357	0.0556	0	0	1	0.2357	0.3333	0	0	1	0.4851	0.2778	0	0	1	0.4609	0.1667	0	0	1	0.3835	0.0556	0	0	1	0.2357	0.0556	0	0	1	0.2357	0.0556	0	0	1	0.2357	0.0556	0	0	1	0.2357	1	0	0	6	1.715	0.1111	0	0	1	0.3234	0.1667	0	0	2	0.5145	5.7222	3	1	32	7.521	0.6667	0	0	3	0.9701	0.0556	0	0	1	0.2357	0	0	0	0	0	0	0	0	0	0	131.2778	126.5	18	351	94.6074	231.7222	214	17	649	178.887	2.5	2	0	7	1.9174	3.8333	3	0	10	2.7493	1.3333	1	0	5	1.372	0.1111	0	0	1	0.3234	0.6667	0	0	3	0.9075
JHH368ROI006_ROI_006.ome.tif	d4256380-f35f-4a76-a21e-771bf3c3e402	Detection		Other: CAF	Annotation	Polygon	34.78	63.55	0.4879	22.9496	22.1858	0.5859	0.8258	7.4438	5.6913	4522.5908	4511	4079	4934	241.1691	0.2727	0	0	3	0.7025	0.7273	0	0	5	1.3159	2.9091	2.5	0	7	1.9978	0.5909	0	0	4	1.0075	2.4545	2	0	5	1.5032	27.6364	25	13	40	7.9135	40.2273	40.5	26	58	9.5814	0.1818	0	0	2	0.5011	0	0	0	0	0	4.3636	3.5	1	11	3.079	0.5909	0	0	3	0.9591	18	16	2	33	10.0901	0.7273	1	0	3	0.7673	0.5	0	0	3	0.9636	0.1364	0	0	1	0.3513	6.5909	1.5	0	64	14.1713	0.4091	0	0	5	1.098	0.2727	0	0	4	0.8827	0.1818	0	0	1	0.3948	0.0909	0	0	1	0.2942	0.9545	0.5	0	5	1.4631	0.0455	0	0	1	0.2132	0.0909	0	0	1	0.2942	0.0455	0	0	1	0.2132	1.7273	0.5	0	7	2.4915	0.6818	0	0	4	1.2105	0.3182	0	0	2	0.5679	0.2727	0	0	3	0.7673	0.1364	0	0	1	0.3513	0.4091	0	0	3	0.7964	0.7727	0	0	5	1.2318	0.2273	0	0	3	0.6853	5.1818	4.5	0	12	3.9718	0.4091	0	0	2	0.7341	0.4545	0	0	2	0.671	0	0	0	0	0	0.3182	0	0	2	0.6463	0.3182	0	0	2	0.5679	2.4091	2	0	7	2.0391	0.4091	0	0	2	0.7341	0.1364	0	0	1	0.3513	3.5455	1.5	0	17	4.5116	0.7273	0	0	4	1.1622	0.0455	0	0	1	0.2132	0.0909	0	0	1	0.2942	0.0909	0	0	1	0.2942	241.1364	250.5	88	433	123.5558	418.5	441	149	763	205.1828	5.9545	6.5	0	14	3.0155	7.6364	6	0	31	7.5753	3.0909	3	0	8	2.0681	0.1364	0	0	1	0.3513	0.8182	1	0	3	0.9069
JHH368ROI006_ROI_006.ome.tif	197456ab-074b-46ec-90ac-6925077bea5a	Detection		Other	Annotation	Polygon	21	36.06	0.4875	18.6055	16.784	0.83	1	5.9528	4.1419	4413.4443	4389	4138	4881	222.4889	0.2222	0	0	1	0.4278	0.3333	0	0	3	0.767	1.8333	2	0	5	1.4246	0.1667	0	0	1	0.3835	2	1	0	8	1.8787	24.4444	23.5	13	36	6.6175	39.2778	36.5	25	64	10.168	0.0556	0	0	1	0.2357	0	0	0	0	0	0.4444	0	0	2	0.6157	0.3889	0	0	2	0.6077	6.5556	5	0	17	4.9136	0.2778	0	0	1	0.4609	0.1667	0	0	2	0.5145	0.1111	0	0	1	0.3234	0.1667	0	0	2	0.5145	0	0	0	0	0	0.1667	0	0	2	0.5145	0.1111	0	0	1	0.3234	0.1111	0	0	1	0.3234	1	1	0	4	1.1882	0.2778	0	0	2	0.5745	0.0556	0	0	1	0.2357	0	0	0	0	0	0.7778	0.5	0	4	1.0603	0.5556	0	0	2	0.7838	0.2778	0	0	3	0.7519	0.1111	0	0	1	0.3234	0.0556	0	0	1	0.2357	0.7778	0	0	3	1.0603	0.2778	0	0	4	0.9583	0.3889	0	0	2	0.6978	1	1	0	3	0.9075	0.7778	1	0	2	0.7321	0.3889	0	0	2	0.6077	0.0556	0	0	1	0.2357	0.3889	0	0	3	0.7775	0.4444	0	0	2	0.7048	5.8333	4	1	17	4.1763	0.6667	0	0	4	1.029	0.2222	0	0	2	0.5483	1.3889	0	0	8	2.2528	0.4444	0	0	2	0.7048	0	0	0	0	0	0	0	0	0	0	0	0	0	0	0	154.7778	129.5	17	394	123.1434	275.3333	221.5	47	768	217.814	9.3333	9	3	19	3.6782	4.5556	3	0	12	3.5846	1.5	1	0	5	1.4246	0.3333	0	0	2	0.5941	0.7222	0.5	0	3	0.8948
JHH368ROI006_ROI_006.ome.tif	bd33c5a9-9fcb-454b-837c-d6e073a514f3	Detection		Other: CAF	Annotation	Polygon	65.83	97.21	0.4584	29.1006	29.9084	0.4088	0.7283	9.3476	5.9714	4427.2402	4462	3907	4797	219.6183	0.24	0	0	2	0.5228	0.32	0	0	2	0.5568	3.76	3	0	11	3.3576	0.56	0	0	4	1.044	1.72	1	0	7	1.9261	26.68	26	18	38	5.4979	38.24	38	24	55	7.8649	0	0	0	0	0	0	0	0	0	0	5.2	4	0	13	3.9158	0.72	0	0	7	1.4583	9.48	7	1	26	7.1305	0.16	0	0	1	0.3742	0.36	0	0	2	0.7	0.08	0	0	2	0.4	0.08	0	0	1	0.2769	0.08	0	0	1	0.2769	0.08	0	0	1	0.2769	0.16	0	0	2	0.4726	0.08	0	0	1	0.2769	0.96	0	0	9	1.8815	0	0	0	0	0	0.04	0	0	1	0.2	0	0	0	0	0	0.52	0	0	2	0.7141	0.2	0	0	1	0.4082	0.08	0	0	2	0.4	0.08	0	0	1	0.2769	0.2	0	0	3	0.6455	0.12	0	0	1	0.3317	0.32	0	0	3	0.8524	0.12	0	0	3	0.6	1.72	1	0	11	2.4242	0.32	0	0	3	0.6904	0.08	0	0	2	0.4	0.04	0	0	1	0.2	0.08	0	0	1	0.2769	0.08	0	0	1	0.2769	1.68	1	0	6	1.8421	0.24	0	0	2	0.5228	0.12	0	0	1	0.3317	1.48	1	0	5	1.5308	0.36	0	0	3	0.8103	0.08	0	0	1	0.2769	0.04	0	0	1	0.2	0.04	0	0	1	0.2	142.2	85	20	397	125.4675	247.64	153	22	721	219.9581	3.56	3	0	10	2.7092	3.12	2	0	9	2.6192	1.04	1	0	4	1.2069	0.44	0	0	3	0.8206	0.64	0	0	4	1.1136
JHH368ROI006_ROI_006.ome.tif	9df79a60-48da-4bf3-9bb0-ef52a3610984	Detection		HLA-DR: tumor_epithelial	Annotation	Polygon	61.72	42.69	0.4558	61.7948	31.708	0.7724	1	12.9193	6.3777	4542.3335	4586	3654	4968	247.2921	0.1905	0	0	1	0.3958	0.4127	0	0	6	0.9094	3.9524	3	0	10	2.7382	0.4127	0	0	3	0.6384	1.873	2	0	6	1.3618	25.6825	25	10	52	7.5708	38.8254	38	22	56	8.296	0.2063	0	0	2	0.4457	0.1111	0	0	1	0.3168	12.1429	8	0	50	11.8156	0.4762	0	0	3	0.7799	6.8095	5	0	20	4.882	0.1587	0	0	1	0.3684	0.2857	0	0	4	0.6822	0.127	0	0	2	0.3807	0.3175	0	0	3	0.7583	0.0952	0	0	1	0.2959	0.0794	0	0	3	0.4135	0.0476	0	0	1	0.2147	0.0794	0	0	1	0.2725	0.3492	0	0	4	0.8064	0.1111	0	0	2	0.3642	0.0635	0	0	1	0.2458	0	0	0	0	0	0.3651	0	0	5	0.7891	0.3333	0	0	3	0.672	0.0794	0	0	1	0.2725	0.1587	0	0	2	0.4098	0.1429	0	0	4	0.5639	0.1587	0	0	1	0.3684	0.3651	0	0	3	0.7026	0.1587	0	0	2	0.4098	6.4286	5	0	30	5.7325	0.254	0	0	2	0.5379	0.1111	0	0	2	0.406	0.0635	0	0	1	0.2458	0.3492	0	0	4	0.8262	0.2063	0	0	4	0.6993	1.8413	1	0	8	1.7246	0.3492	0	0	3	0.6993	0.0794	0	0	1	0.2725	5.6349	1	0	70	12.3305	0.619	0	0	4	0.9576	0.0476	0	0	1	0.2147	0.0635	0	0	1	0.2458	0.0635	0	0	1	0.2458	89.7936	89	10	243	52.1283	164.1111	167	27	367	94.9469	3.0317	2	0	11	2.3621	5.1746	4	0	19	4.2938	1.6032	1	0	5	1.2768	0.254	0	0	2	0.5379	0.8095	1	0	8	1.2934
JHH368ROI006_ROI_006.ome.tif	2ea8bd10-e7c5-411c-86e8-3130171ee718	Detection		Other	Annotation	Polygon	52.02	78.47	0.4286	24.2985	18.7247	0.8709	1	6.6618	4.9032	4520.96	4502	3944	4869	252.1325	0.2	0	0	2	0.5	0.36	0	0	2	0.7	2.72	3	0	9	2.2083	0.2	0	0	1	0.4082	1.8	1	0	7	1.8484	25.24	26	13	39	7.5844	37.92	37	23	47	5.9085	0.24	0	0	1	0.4359	0.12	0	0	1	0.3317	1.08	1	0	8	1.7301	0.08	0	0	1	0.2769	1.52	1	0	7	1.7588	0.08	0	0	1	0.2769	0.04	0	0	1	0.2	0	0	0	0	0	0	0	0	0	0	0.12	0	0	1	0.3317	0.04	0	0	1	0.2	0.04	0	0	1	0.2	0	0	0	0	0	0.16	0	0	1	0.3742	0	0	0	0	0	0	0	0	0	0	0	0	0	0	0	0.12	0	0	1	0.3317	0.08	0	0	1	0.2769	0	0	0	0	0	0	0	0	0	0	0.12	0	0	1	0.3317	0.04	0	0	1	0.2	0	0	0	0	0	0.04	0	0	1	0.2	1.08	0	0	6	1.6052	0.12	0	0	2	0.4397	0.04	0	0	1	0.2	0	0	0	0	0	0.08	0	0	1	0.2769	0.12	0	0	1	0.3317	0.68	0	0	4	1.1804	0.16	0	0	1	0.3742	0	0	0	0	0	0.68	0	0	4	0.9883	0.92	0	0	8	1.8912	0.08	0	0	1	0.2769	0.04	0	0	1	0.2	0.08	0	0	1	0.2769	97.12	67	10	312	80.3857	176.24	148	29	532	141.2764	2.28	1	0	8	2.3007	2.72	3	0	7	1.9689	1.24	1	0	6	1.5078	0.52	0	0	3	0.8226	0.36	0	0	2	0.5686
JHH368ROI006_ROI_006.ome.tif	ca3602ac-26f0-44c9-ba56-96e5416d3621	Detection		Other	Annotation	Polygon	84.35	85.86	0.3223	18.8712	16.5346	0.8674	1	6.1801	4.7238	4563.1177	4549	4129	5034	250.1369	0.2941	0	0	1	0.4697	0.1176	0	0	1	0.3321	3.3529	3	0	13	3.4268	0.4118	0	0	2	0.6183	1.2941	1	0	2	0.7717	24.7647	27	12	32	5.8152	36.1765	34	26	48	6.5119	0.1176	0	0	1	0.3321	0	0	0	0	0	2.3529	2	0	6	1.902	0.4706	0	0	2	0.7174	18.5882	14	2	69	18.0037	0.5882	0	0	4	1.1213	0	0	0	0	0	0.3529	0	0	3	0.7859	0.1176	0	0	1	0.3321	0.1765	0	0	2	0.5286	0.0588	0	0	1	0.2425	0.0588	0	0	1	0.2425	0.0588	0	0	1	0.2425	2.2941	1	0	12	3.0365	0	0	0	0	0	0.0588	0	0	1	0.2425	0	0	0	0	0	0.3529	0	0	1	0.4926	0.4118	0	0	1	0.5073	0.5882	0	0	5	1.2776	0.9412	0	0	9	2.2492	0.1176	0	0	1	0.3321	0.2353	0	0	2	0.5623	0.1765	0	0	1	0.393	0.2353	0	0	1	0.4372	1.2353	1	0	4	1.2005	1.4118	1	0	5	1.5024	0.5882	0	0	3	1.0037	0.1765	0	0	2	0.5286	0.2353	0	0	1	0.4372	0.1765	0	0	1	0.393	3.2941	2	0	8	3.1178	0.2941	0	0	1	0.4697	0.1176	0	0	2	0.4851	1.6471	1	0	5	1.6561	0.5294	0	0	2	0.7174	0.0588	0	0	1	0.2425	0.0588	0	0	1	0.2425	0.0588	0	0	1	0.2425	56	43	9	144	44.9931	109.8824	91	12	259	82.9901	7	5	1	19	5.0744	2.6471	2	0	9	2.5481	2.0588	1	0	6	1.7843	0.2941	0	0	2	0.5879	0.8235	1	0	4	1.0744
JHH368ROI006_ROI_006.ome.tif	c52dca45-133f-4546-bae9-28f9706c8f07	Detection		Other	Annotation	Polygon	82.15	99.66	0.2955	22.44	18.388	0.834	1	6.5549	4.8726	4447.769	4408	4123	4946	210.2234	0.3846	0	0	3	0.8697	0.1538	0	0	1	0.3755	2.5385	2	0	6	1.7134	0.0769	0	0	1	0.2774	1.2308	1	0	8	2.1662	21.4615	22	12	33	6.0362	38.0769	40	23	46	6.5251	0.1538	0	0	1	0.3755	0.0769	0	0	1	0.2774	4.6923	4	1	18	4.3853	0.2308	0	0	3	0.8321	11.9231	10	3	25	7.7509	1.3846	0	0	5	1.8046	0.0769	0	0	1	0.2774	0	0	0	0	0	0.3077	0	0	3	0.8549	0.0769	0	0	1	0.2774	0.0769	0	0	1	0.2774	0.0769	0	0	1	0.2774	0.3077	0	0	2	0.6304	0.2308	0	0	1	0.4385	0.3846	0	0	5	1.3868	0.6154	0	0	3	1.0439	0.1538	0	0	2	0.5547	2.7692	3	1	7	1.5359	0.3077	0	0	2	0.6304	0.1538	0	0	1	0.3755	0.1538	0	0	2	0.5547	0	0	0	0	0	0	0	0	0	0	0.1538	0	0	1	0.3755	1.3077	0	0	6	2.213	0.3077	0	0	2	0.6304	0.3846	0	0	1	0.5064	0.2308	0	0	1	0.4385	0.0769	0	0	1	0.2774	0.2308	0	0	2	0.5991	1.6923	1	0	4	1.4367	1.8462	2	0	5	1.4632	0.0769	0	0	1	0.2774	0	0	0	0	0	2.1538	2	0	4	1.1435	0.3077	0	0	2	0.6304	0	0	0	0	0	0	0	0	0	0	0	0	0	0	0	51.4615	52	10	98	28.7826	89.4615	80	14	172	49.8809	3.9231	3	0	13	3.4025	7.6154	7	0	14	4.2336	1.9231	1	0	7	2.06	0.2308	0	0	1	0.4385	0.1538	0	0	1	0.3755
JHH368ROI006_ROI_006.ome.tif	4a57ec2a-e08b-4e04-8099-6a08f1a37527	Detection		HLA-DR: Other	Annotation	Polygon	18.5	0.2758	0.2629	21.2281	18.1699	0.808	1	6.8292	4.8178	4523.6001	4535	4161	5051	254.8573	0.6	0	0	3	0.9661	0.2	0	0	1	0.4216	4.4	4.5	1	10	3.0258	0.9	0.5	0	5	1.5239	1.5	1	0	5	1.5811	23.2	23.5	16	33	5.4119	40.7	42.5	26	50	7.3037	0.2	0	0	1	0.4216	0.1	0	0	1	0.3162	2.2	1	0	11	3.3267	0.2	0	0	2	0.6325	2.7	1	0	14	4.644	0.3	0	0	2	0.6749	1.1	1	0	4	1.2867	0	0	0	0	0	0.5	0	0	3	0.9718	0.2	0	0	1	0.4216	0	0	0	0	0	0.3	0	0	1	0.483	0	0	0	0	0	1	1	0	2	0.9428	0	0	0	0	0	0.2	0	0	1	0.4216	0	0	0	0	0	1.3	1	0	4	1.1595	0.2	0	0	1	0.4216	0	0	0	0	0	0	0	0	0	0	0.1	0	0	1	0.3162	0	0	0	0	0	0.1	0	0	1	0.3162	0.2	0	0	1	0.4216	0.5	0	0	2	0.8498	0.9	0	0	4	1.3703	0.2	0	0	1	0.4216	0.1	0	0	1	0.3162	0.2	0	0	1	0.4216	0.3	0	0	2	0.6749	1.7	1	0	6	1.767	0.5	0	0	3	0.9718	0.3	0	0	2	0.6749	12.8	13.5	2	24	7.4952	0.7	0	0	3	1.1595	0	0	0	0	0	0.2	0	0	1	0.4216	0.3	0	0	1	0.483	301.1	328.5	93	466	150.6817	541.2	638.5	143	825	280.4313	2.7	2	0	7	2.2632	10.9	8.5	0	34	10.0935	3.4	3.5	1	8	2.319	0.2	0	0	1	0.4216	0.7	0	0	4	1.3375
JHH368ROI006_ROI_006.ome.tif	68950476-eeac-445a-b299-3a409ea3214e	Detection		Other	Annotation	Polygon	95.57	26.65	0.2531	20.8791	17.2639	0.8803	1	6.0107	5.0116	4569.6499	4586.5	4017	5208	314.5595	0.1	0	0	1	0.3078	0.4	0	0	2	0.5982	4.4	4.5	0	14	3.6041	0.8	0	0	4	1.1965	1.4	1	0	6	1.6351	24.15	21.5	13	39	7.1839	37.5	37	24	59	9.5724	0.3	0	0	1	0.4702	0.05	0	0	1	0.2236	7.5	2	0	46	11.2367	0.5	0	0	2	0.6882	4.2	2.5	1	11	3.4883	0.2	0	0	2	0.5231	0.05	0	0	1	0.2236	0.05	0	0	1	0.2236	0.05	0	0	1	0.2236	0	0	0	0	0	0.05	0	0	1	0.2236	0.05	0	0	1	0.2236	0	0	0	0	0	0.35	0	0	2	0.5871	0	0	0	0	0	0	0	0	0	0	0	0	0	0	0	0.25	0	0	3	0.7164	0.05	0	0	1	0.2236	0.2	0	0	3	0.6959	0.1	0	0	1	0.3078	0.1	0	0	2	0.4472	0.15	0	0	2	0.4894	0.2	0	0	1	0.4104	0	0	0	0	0	0.4	0	0	3	0.8208	1.35	1	0	6	1.6631	0.1	0	0	1	0.3078	0	0	0	0	0	0.05	0	0	1	0.2236	0.1	0	0	1	0.3078	1.4	1	0	5	1.6026	0.25	0	0	2	0.5501	0.05	0	0	1	0.2236	0.75	0	0	5	1.2085	0.05	0	0	1	0.2236	0	0	0	0	0	0	0	0	0	0	0	0	0	0	0	35.6	30.5	6	83	23.518	64.15	58.5	12	160	39.341	2.15	2	0	7	1.927	3.85	2	0	14	4.3319	2.6	2	0	8	2.1619	0.2	0	0	2	0.5231	0.5	0	0	3	0.8272
JHH368ROI006_ROI_006.ome.tif	b5da3305-f586-4189-9c37-9efc5a28b157	Detection		Other	Annotation	Polygon	14.91	99.52	0.2405	35.6715	22.2449	0.9059	1	7.8851	6.101	4490.7998	4443.5	4097	4964	239.0194	0.1	0	0	1	0.3078	0.5	0	0	4	0.9459	6	6.5	1	11	2.4495	0.85	0.5	0	5	1.268	2.4	2	0	7	1.875	24.8	23	17	35	4.7859	38.75	38.5	24	53	9.0721	0.2	0	0	1	0.4104	0.15	0	0	1	0.3663	17.9	16.5	6	30	7.6151	0.25	0	0	2	0.5501	12.75	12	2	23	5.3101	0.3	0	0	2	0.5712	0.2	0	0	1	0.4104	0.15	0	0	3	0.6708	0.3	0	0	2	0.5712	0.1	0	0	1	0.3078	0.05	0	0	1	0.2236	0.3	0	0	2	0.5712	0	0	0	0	0	0.2	0	0	1	0.4104	0.2	0	0	1	0.4104	0.15	0	0	2	0.4894	0	0	0	0	0	0.85	0	0	3	1.2258	0.1	0	0	1	0.3078	0.1	0	0	2	0.4472	0.15	0	0	1	0.3663	0.2	0	0	1	0.4104	0.2	0	0	1	0.4104	0.7	0.5	0	2	0.8013	0.3	0	0	1	0.4702	1.65	1	0	5	1.5652	0.4	0	0	2	0.6806	0.15	0	0	1	0.3663	0.05	0	0	1	0.2236	0.3	0	0	2	0.5712	0.4	0	0	5	1.1877	2.2	2	0	7	1.9358	0.65	1	0	2	0.6708	0	0	0	0	0	2.95	1.5	0	13	3.5165	3.35	3	0	11	2.5189	0.3	0	0	2	0.5712	0.05	0	0	1	0.2236	0	0	0	0	0	108.6	108.5	21	262	68.5661	189.45	168.5	38	427	114.7906	4.3	3.5	1	9	2.2734	4.55	4.5	1	9	2.2589	2.8	3	0	6	1.7045	0.3	0	0	1	0.4702	0.6	0	0	3	0.9403
JHH368ROI006_ROI_006.ome.tif	42830a83-d617-48d9-8f76-4bf6cd87cccf	Detection		HLA-DR: CD4 T cell	Annotation	Polygon	13.4	24.54	0.2028	19.8186	16.966	0.8652	1	6.1082	4.5658	4534.5454	4564	4064	5084	282.5951	0.3636	0	0	2	0.658	0.1364	0	0	1	0.3513	13.7273	12	1	31	7.5919	0.8182	0	0	6	1.4355	27.8636	27.5	1	56	15.8424	28.3182	31	7	41	8.5823	37.3636	37.5	16	54	8.0151	0.1818	0	0	1	0.3948	0.0455	0	0	1	0.2132	1.8182	2	0	5	1.2587	0.3636	0	0	1	0.4924	31.3636	29	2	83	17.6596	0.6364	0	0	4	1.0022	0.7273	0.5	0	3	0.9351	0.2727	0	0	2	0.6311	11.6364	11.5	2	24	6.9182	0.8636	0	0	5	1.4241	0.1364	0	0	2	0.4676	0.2727	0	0	2	0.5505	0.1364	0	0	2	0.4676	0.5909	0	0	2	0.7341	0.2273	0	0	2	0.5284	0.3636	0	0	2	0.5811	0.0455	0	0	1	0.2132	8.8182	8.5	0	23	5.5604	0.4091	0	0	2	0.6661	0.9091	0.5	0	6	1.4771	1	0	0	4	1.3801	1.0909	1	0	3	0.8679	1.0455	1	0	4	0.9501	5.4545	4	0	17	4.6978	0.8182	0	0	4	1.2587	1.2273	1	0	3	0.9726	29.5	26	2	68	19.3606	1.2273	1	0	3	1.1519	0.5	0	0	5	1.1443	0.5	0	0	3	0.9636	7.5455	7	0	16	4.6876	3.8636	3.5	0	13	3.044	0.3636	0	0	2	0.5811	0.4091	0	0	3	0.7341	25.7727	27	2	52	13.169	1.3636	1	0	4	1.2553	0.2273	0	0	1	0.4289	0	0	0	0	0	0	0	0	0	0	44	44	6	74	19.5156	75.4091	78.5	9	161	36.4021	6.9091	6.5	0	14	4.1851	8.7727	7	2	21	5.0703	1.9091	1	0	7	2.2659	0.2273	0	0	2	0.5284	0.8636	0.5	0	3	1.0372
JHH368ROI006_ROI_006.ome.tif	82d4fcef-9606-446d-aafc-63da39d3248d	Detection		HLA-DR: Other	Annotation	Polygon	95.94	83.77	0.1947	18.4534	16.7486	0.8267	1	6.0387	4.38	4572.4375	4569	4132	5186	254.0942	0.3125	0	0	1	0.4787	0.3125	0	0	1	0.4787	2.4375	2	0	9	2.3372	0.8125	0	0	6	1.6008	9.25	7	0	24	7.6898	28.6875	28	18	43	6.9543	38.9375	37.5	26	54	8.5516	0.1875	0	0	2	0.5439	0.1875	0	0	1	0.4031	3.5	2	0	14	4.4121	0.1875	0	0	1	0.4031	3.625	3	0	13	3.6125	0.0625	0	0	1	0.25	0.25	0	0	1	0.4472	0.0625	0	0	1	0.25	2.375	1	0	10	2.8954	0	0	0	0	0	0.125	0	0	1	0.3416	0	0	0	0	0	0	0	0	0	0	0.25	0	0	2	0.5774	0.0625	0	0	1	0.25	0.125	0	0	1	0.3416	0	0	0	0	0	2.4375	1	0	10	2.7801	0.1875	0	0	2	0.5439	0.125	0	0	1	0.3416	0.1875	0	0	1	0.4031	0.4375	0	0	2	0.8139	0.3125	0	0	1	0.4787	0.375	0	0	2	0.7188	0.125	0	0	1	0.3416	0.5625	0.5	0	2	0.6292	1.875	1	0	7	2.2472	0.1875	0	0	1	0.4031	0	0	0	0	0	0.0625	0	0	1	0.25	0.9375	0	0	4	1.2894	1.4375	1	0	4	1.315	0.25	0	0	1	0.4472	0.1875	0	0	1	0.4031	14.25	11	3	35	10.2989	0.25	0	0	2	0.5774	0.1875	0	0	2	0.5439	0	0	0	0	0	0	0	0	0	0	36.6875	33.5	6	69	22.5587	65.0625	57.5	10	143	42.5464	1.625	1	0	8	2.2174	8.3125	6.5	1	18	5.3506	1.5625	1	0	4	1.4127	0.375	0	0	2	0.7188	0.4375	0	0	2	0.7274
JHH368ROI006_ROI_006.ome.tif	9c667d24-25a3-4e9a-a850-978a42e8d6b7	Detection		Other	Annotation	Polygon	0.3997	4.527	0.1316	26.209	18.9765	0.9146	1	6.7203	5.3359	4461.7334	4406	4174	4894	186.3884	0.4	0	0	1	0.5071	0.4	0	0	2	0.6325	3.4667	4	0	8	2.3258	0.4	0	0	2	0.6325	1.8	1	0	4	1.3202	22.1333	22	16	28	3.5024	36.5333	35	22	61	10.3016	0.1333	0	0	1	0.3519	0.2	0	0	1	0.414	0.6667	0	0	3	0.8997	0	0	0	0	0	7.0667	5	0	22	7.3043	0.2667	0	0	1	0.4577	0.1333	0	0	1	0.3519	0.0667	0	0	1	0.2582	1.1333	0	0	5	1.8848	0	0	0	0	0	0.0667	0	0	1	0.2582	0.0667	0	0	1	0.2582	0.1333	0	0	2	0.5164	0.1333	0	0	2	0.5164	0	0	0	0	0	0	0	0	0	0	0	0	0	0	0	0.5333	0	0	3	0.9904	0	0	0	0	0	0.1333	0	0	1	0.3519	0.0667	0	0	1	0.2582	0.4667	0	0	2	0.8338	0.2667	0	0	1	0.4577	0.2	0	0	1	0.414	0	0	0	0	0	0.2	0	0	1	0.414	3.4667	1	0	16	5.5661	0.1333	0	0	1	0.3519	0.1333	0	0	2	0.5164	0.2	0	0	1	0.414	0.4667	0	0	2	0.6399	1.2667	1	0	4	1.387	0.0667	0	0	1	0.2582	0.0667	0	0	1	0.2582	5.1333	3	0	17	5.2081	0.1333	0	0	1	0.3519	0.0667	0	0	1	0.2582	0	0	0	0	0	0	0	0	0	0	74.4667	39	11	194	65.2193	130.3333	76	24	311	106.0166	1.7333	1	0	7	2.0166	2.7333	2	0	9	3.0111	0.9333	0	0	8	2.0517	0.1333	0	0	2	0.5164	0.5333	0	0	3	0.9155
JHH368ROI006_ROI_006.ome.tif	ab452f82-3bd6-4572-b15b-fe588c68f86a	Detection		Other	Annotation	Polygon	50.47	39.19	0.1275	16.0037	16.0567	0.78	1	6.1815	4.0722	4485.8667	4390	4123	5077	311.8646	0.0667	0	0	1	0.2582	0.6	0	0	3	0.9856	3.5333	4	0	6	1.5976	0.5333	0	0	2	0.9155	1.5333	1	0	4	1.4573	25.7333	28	18	31	4.5586	40.0667	42	25	53	8.5479	0.1333	0	0	1	0.3519	0.0667	0	0	1	0.2582	1.2	1	0	3	1.2071	0.4	0	0	2	0.6325	2.1333	2	0	6	1.6417	0.0667	0	0	1	0.2582	0.2	0	0	2	0.5606	0.0667	0	0	1	0.2582	0.2667	0	0	1	0.4577	0.1333	0	0	1	0.3519	0.3333	0	0	5	1.291	0.2	0	0	1	0.414	0	0	0	0	0	2.5333	0	0	21	5.9265	0	0	0	0	0	0.2	0	0	1	0.414	0	0	0	0	0	0.5333	0	0	3	0.8338	0.1333	0	0	1	0.3519	0.0667	0	0	1	0.2582	0.3333	0	0	2	0.6172	0.0667	0	0	1	0.2582	0.2	0	0	1	0.414	0.2667	0	0	2	0.5936	0	0	0	0	0	1.2667	1	0	6	1.4864	0.1333	0	0	1	0.3519	0	0	0	0	0	0	0	0	0	0	0.0667	0	0	1	0.2582	0	0	0	0	0	0.5333	0	0	3	0.9155	0.2667	0	0	2	0.7037	0.0667	0	0	1	0.2582	0.8	0	0	3	1.0823	0.1333	0	0	2	0.5164	0	0	0	0	0	0	0	0	0	0	0	0	0	0	0	50.9333	40	4	111	31.7231	84.9333	69	14	193	52.0597	2.5333	2	0	11	2.8502	1.4	1	0	3	0.9856	1.6	1	0	6	1.5946	0.2667	0	0	2	0.5936	0.8	0	0	5	1.3202
JHH368ROI006_ROI_006.ome.tif	070aa460-46c5-438c-a175-4cb91ae12aff	Detection		HLA-DR: CD4 T cell	Annotation	Polygon	58.27	19.87	0.1261	22.2301	17.7953	0.8821	1	6.3226	5.0764	4510	4470	4096	4919	225.9271	0.4545	0	0	3	0.8004	0.1364	0	0	1	0.3513	6.7273	7	0	15	3.5076	0.6364	0	0	3	1.0022	12.2727	11	1	30	8.8327	29.7727	29	18	40	6.0705	38.7727	40	18	61	10.0709	0.2727	0	0	1	0.4558	0.1818	0	0	2	0.5011	5.5	5.5	0	18	4.8082	0.2273	0	0	3	0.6853	4.4091	4	0	10	3.0341	0.4545	0	0	3	0.9625	0.2273	0	0	2	0.5284	0.0909	0	0	1	0.2942	7.9545	7	0	28	7.027	0.1364	0	0	2	0.4676	0.2727	0	0	2	0.6311	0.1364	0	0	1	0.3513	0.0909	0	0	1	0.2942	0.6364	0	0	3	1.0486	0.1364	0	0	2	0.4676	0.1818	0	0	2	0.5011	0	0	0	0	0	4.8636	4	0	13	4.0035	0.1818	0	0	1	0.3948	0.1818	0	0	1	0.3948	0.4545	0	0	3	0.7385	0.2727	0	0	2	0.5505	1.1364	1	0	4	1.3556	3.0455	2.5	0	8	2.6273	0.2273	0	0	2	0.5284	0.8182	0	0	4	1.1396	20.5455	16	0	55	17.1429	1.0909	0	0	10	2.1802	0.0909	0	0	1	0.2942	0.5	0	0	3	0.8591	3.0909	1.5	0	11	3.2792	2.6364	2.5	0	8	1.9407	0.6364	0.5	0	3	0.7895	0.1364	0	0	1	0.3513	9.8182	7.5	0	30	8.0984	0.5455	0.5	0	2	0.5958	0.1818	0	0	2	0.5011	0	0	0	0	0	0.0909	0	0	1	0.2942	21.2727	15.5	2	51	15.4617	42.6364	43.5	1	96	27.1373	3.2273	3	0	10	2.6355	12.9091	13	0	32	7.1442	1.2727	1	0	6	1.5791	0.2273	0	0	2	0.5284	0.4545	0	0	3	0.7385
JHH368ROI006_ROI_006.ome.tif	e6cd531c-ca5e-40e0-b660-ba84e35d18b7	Detection		Other	Annotation	Polygon	36.69	80.25	0.0695	17.8089	16.3109	0.8412	1	5.8131	4.2703	4542	4526.5	4077	4912	247.0559	0.15	0	0	1	0.3663	0.3	0	0	2	0.6569	3.05	2	0	13	3.3321	0.35	0	0	1	0.4894	4.1	2	0	23	5.1391	27.35	26.5	17	43	7.0208	39.55	39.5	20	55	8.5192	0.35	0	0	1	0.4894	0.1	0	0	1	0.3078	1.45	1	0	4	1.2763	0	0	0	0	0	3.75	3.5	0	19	3.9587	0.1	0	0	1	0.3078	0.1	0	0	1	0.3078	0	0	0	0	0	0.05	0	0	1	0.2236	0.05	0	0	1	0.2236	0.05	0	0	1	0.2236	0.1	0	0	1	0.3078	0.05	0	0	1	0.2236	0.1	0	0	1	0.3078	0.05	0	0	1	0.2236	0	0	0	0	0	0	0	0	0	0	0.35	0	0	4	0.9333	0.1	0	0	1	0.3078	0.3	0	0	1	0.4702	0	0	0	0	0	0	0	0	0	0	0.05	0	0	1	0.2236	0.05	0	0	1	0.2236	0.1	0	0	1	0.3078	0	0	0	0	0	0.85	0	0	5	1.5313	0.1	0	0	1	0.3078	0	0	0	0	0	0.15	0	0	1	0.3663	0.25	0	0	1	0.4443	0.8	1	0	2	0.7678	0.1	0	0	1	0.3078	0	0	0	0	0	0.8	0.5	0	3	0.9515	0.5	0	0	4	1	0	0	0	0	0	0	0	0	0	0	0	0	0	0	0	24.4	20	4	60	15.5678	41.35	38.5	13	90	19.4186	2.35	2	0	7	2.0844	1.9	2	0	7	1.889	1	1	0	6	1.5218	0.6	0	0	4	0.9403	0.6	0	0	3	0.9403
JHH368ROI006_ROI_006.ome.tif	4a6a905f-ada1-4534-a2f6-946ac1b3282b	Detection		Other	Annotation	Polygon	24.55	93.85	0.0481	28.5341	20.6635	0.8398	1	7.5671	5.6498	4500	4497	4005	5006	250.4533	0.2222	0	0	1	0.4237	0.4815	0	0	2	0.753	3.5926	3	0	9	2.3248	0.4074	0	0	3	0.7971	1.6296	1	0	5	1.2755	27.0741	27	16	45	7.0652	35.4444	38	25	47	6.4827	0.2963	0	0	2	0.6086	0.1481	0	0	1	0.362	4.9259	4	1	17	3.1492	0.3333	0	0	2	0.6202	8.3704	7	0	24	6.9346	0.3704	0	0	4	0.8835	0.1111	0	0	1	0.3203	0.037	0	0	1	0.1925	0.037	0	0	1	0.1925	0.1481	0	0	1	0.362	0.0741	0	0	1	0.2669	0.1111	0	0	2	0.4237	0	0	0	0	0	0.2222	0	0	2	0.5064	0.037	0	0	1	0.1925	0.1111	0	0	2	0.4237	0	0	0	0	0	0.2593	0	0	2	0.5257	0.1481	0	0	1	0.362	0.2222	0	0	2	0.5064	0.1852	0	0	2	0.4833	0.1852	0	0	2	0.4833	0.2963	0	0	2	0.5417	0.4074	0	0	2	0.636	0.6296	0	0	3	1.0057	2.9259	2	0	9	2.3522	0.4444	0	0	3	0.7511	0.1481	0	0	2	0.456	0.1111	0	0	1	0.3203	0.2593	0	0	4	0.813	0.1481	0	0	1	0.362	1.8148	1	0	6	1.7549	0.2222	0	0	1	0.4237	0.2222	0	0	2	0.5064	0.4444	0	0	4	0.8473	1.4074	1	0	9	1.9662	0.037	0	0	1	0.1925	0	0	0	0	0	0	0	0	0	0	111	108	43	223	53.5867	203.8148	188	81	397	96.1573	3.8148	4	0	11	2.8828	2.9259	3	0	6	1.8999	1.6667	1	0	7	1.6172	0.2222	0	0	1	0.4237	0.7778	0	0	3	0.974
JHH368ROI006_ROI_006.ome.tif	fa88943c-cc42-4a4b-9e5d-48ca7acb1519	Detection		Other	Annotation	Polygon	94.67	49.58	0.0466	25.1188	25.8312	0.4731	0.7527	10.1067	5.6063	4412.7998	4395	3882	4971	251.1738	0.2	0	0	2	0.5	0.48	0	0	2	0.6532	3.96	4	0	11	2.8501	0.52	0	0	3	0.8718	1.6	1	0	6	1.3844	24.96	26	16	37	5.9964	36.44	36	24	55	7.411	0.2	0	0	2	0.5	0.24	0	0	1	0.4359	5.96	4	0	22	5.6604	0.04	0	0	1	0.2	7	5	1	19	5.0249	0.08	0	0	1	0.2769	0.16	0	0	1	0.3742	0.04	0	0	1	0.2	0.04	0	0	1	0.2	0	0	0	0	0	0.2	0	0	1	0.4082	0.08	0	0	1	0.2769	0.04	0	0	1	0.2	1.6	0	0	24	4.8045	0.08	0	0	1	0.2769	0	0	0	0	0	0.04	0	0	1	0.2	0.24	0	0	1	0.4359	0.12	0	0	1	0.3317	0.2	0	0	1	0.4082	0	0	0	0	0	0.04	0	0	1	0.2	0.16	0	0	1	0.3742	0.04	0	0	1	0.2	0.08	0	0	1	0.2769	1.24	0	0	10	2.1268	0.08	0	0	1	0.2769	0	0	0	0	0	0	0	0	0	0	0.2	0	0	2	0.5	0.04	0	0	1	0.2	1.08	1	0	4	1.382	0.24	0	0	2	0.5228	0.04	0	0	1	0.2	0.6	0	0	2	0.8165	0.28	0	0	1	0.4583	0.04	0	0	1	0.2	0.04	0	0	1	0.2	0.08	0	0	1	0.2769	52.96	27	2	196	54.3564	90.4	51	6	330	92.1882	2.36	2	0	10	2.2891	2.56	1	0	11	3.1236	1.2	1	0	4	1.118	0.4	0	0	3	0.7638	0.72	1	0	4	0.8907
JHH368ROI006_ROI_006.ome.tif	3de1453d-1346-4c1d-8070-d069b09f0ea6	Detection		Other: CAF	Annotation	Polygon	48.17	62.6	0.045	23.0328	22.4806	0.5727	0.8259	8.586	5.3519	4515.6362	4501	4140	4971	246.843	0.3182	0	0	2	0.6463	0.3182	0	0	2	0.5679	2.6818	2	0	8	2.2122	0.4545	0	0	3	0.7385	1.1818	1	0	4	1.2203	24.2727	25	10	37	6.4008	38.7273	39	24	51	7.0318	0.0909	0	0	1	0.2942	0.0455	0	0	1	0.2132	43.5	4	0	678	145.7165	0.4545	0	0	3	0.8579	4.6364	4	0	18	4.7564	0.3182	0	0	2	0.7162	0.6364	0	0	7	1.6197	0	0	0	0	0	0.0909	0	0	1	0.2942	0.3182	0	0	4	0.8937	0.0909	0	0	2	0.4264	0.2273	0	0	4	0.8691	0	0	0	0	0	0.8636	0	0	6	1.5211	0	0	0	0	0	0.2727	0	0	5	1.0771	0	0	0	0	0	0.5909	0	0	3	1.0075	1.4091	1	0	9	2.2395	0.2727	0	0	5	1.0771	0.1364	0	0	2	0.4676	0.5	0	0	8	1.7113	0.3636	0	0	4	0.9021	0.5	0	0	3	0.8591	0.2727	0	0	2	0.6311	2.0909	1.5	0	8	2.1361	1.3636	1	0	6	1.7606	0.5	0	0	5	1.1852	0	0	0	0	0	0.2727	0	0	2	0.5505	0.1818	0	0	2	0.5011	1.9091	1	0	9	2.6888	0.3636	0	0	4	0.9021	0	0	0	0	0	0.9545	1	0	4	1.2141	0.5	0	0	4	1.0118	0.1364	0	0	1	0.3513	0	0	0	0	0	0	0	0	0	0	28.2727	16	1	117	28.9502	52.4091	25	11	188	49.8509	4.7727	2	0	19	5.3178	3.4545	3	1	8	2.2409	1.3636	1	0	6	1.329	0.4545	0	0	2	0.8004	0.5	0	0	3	0.8018
JHH368ROI006_ROI_006.ome.tif	dcad34e3-7e78-4400-ae29-ea1c96d4102e	Detection		Other	Annotation	Polygon	29.81	64.04	0.0439	11.846	14.4507	0.7129	1	5.4188	3.319	4434.8569	4405.5	4153	4741	188.6123	0.5	0	0	2	0.6504	0.4286	0	0	3	0.9376	4.6429	4	1	14	3.0536	0.7857	1	0	4	1.0509	1.3571	1.5	0	3	0.9288	24.4286	21	10	55	10.6172	39	38.5	29	54	7.7757	0.3571	0	0	3	0.8419	0.0714	0	0	1	0.2673	4.7857	4	1	12	3.0173	0.1429	0	0	1	0.3631	11.5	9	2	29	9.1125	0.2143	0	0	1	0.4258	0.5	0.5	0	1	0.5189	0.0714	0	0	1	0.2673	0.8571	0	0	5	1.4601	0.4286	0	0	4	1.0894	0.1429	0	0	2	0.5345	0.6429	0	0	5	1.4991	0	0	0	0	0	0.5714	0	0	3	0.8516	0	0	0	0	0	0.2143	0	0	1	0.4258	0	0	0	0	0	1	0.5	0	4	1.4142	0.3571	0	0	2	0.6333	0.3571	0	0	2	0.6333	0.5714	0	0	3	0.9376	0.4286	0	0	2	0.7559	0.1429	0	0	1	0.3631	0.2143	0	0	2	0.5789	0.2143	0	0	1	0.4258	1.1429	0.5	0	4	1.4064	0.1429	0	0	1	0.3631	0.4286	0	0	3	0.8516	0.4286	0	0	6	1.6036	0.2143	0	0	1	0.4258	0.2143	0	0	2	0.5789	1.9286	1	0	9	2.5859	0.5	0	0	3	0.8549	0.0714	0	0	1	0.2673	2	2	0	6	1.7974	0.3571	0	0	3	0.9288	0.1429	0	0	2	0.5345	0	0	0	0	0	0	0	0	0	0	64.3571	68.5	17	112	31.6048	115.0714	126.5	32	185	57.3846	5.2857	5	0	19	4.8742	4.9286	5	1	12	3.3389	0.7857	1	0	2	0.8018	0.7857	0.5	0	3	0.975	0.3571	0	0	2	0.6333
JHH368ROI006_ROI_006.ome.tif	6bcf9135-69b9-44f9-ad7b-c3a03ab3907a	Detection		HLA-DR: Other	Annotation	Polygon	11.81	39.51	0.0406	16.971	15.8186	0.8523	1	5.6219	4.5111	4545.0586	4498	4161	5136	287.3796	0.1176	0	0	1	0.3321	0.2941	0	0	1	0.4697	1.0588	1	0	4	1.088	0.4118	0	0	2	0.6183	1.5294	1	0	6	1.7363	26.3529	26	11	41	8.3062	40.0588	41	25	51	6.7774	0	0	0	0	0	0.1176	0	0	1	0.3321	2.1765	2	0	6	1.7405	0.3529	0	0	3	0.7859	9.2941	9	1	27	6.7709	0.1176	0	0	1	0.3321	0.2353	0	0	2	0.5623	0	0	0	0	0	1.2941	1	0	8	1.961	0	0	0	0	0	0.0588	0	0	1	0.2425	0.0588	0	0	1	0.2425	0	0	0	0	0	0.2353	0	0	2	0.5623	0.1176	0	0	2	0.4851	0.0588	0	0	1	0.2425	0	0	0	0	0	1.5882	1	0	5	1.4168	0.1176	0	0	1	0.3321	0.4706	0	0	2	0.7174	0	0	0	0	0	0.1176	0	0	1	0.3321	0	0	0	0	0	0.3529	0	0	4	0.9963	0.1176	0	0	1	0.3321	0.5294	0	0	2	0.7174	0	0	0	0	0	0.1176	0	0	1	0.3321	0	0	0	0	0	0.2941	0	0	1	0.4697	0.1176	0	0	2	0.4851	0.5294	0	0	2	0.7174	0.0588	0	0	1	0.2425	0.2353	0	0	2	0.5623	6.1176	6	0	24	6.2137	0.7059	1	0	2	0.7717	0.2353	0	0	2	0.5623	0	0	0	0	0	0.0588	0	0	1	0.2425	27.7059	31	8	71	16.6199	45.7059	39	10	114	27.0064	4.3529	4	0	9	2.8491	4.5882	4	0	9	2.451	1.4118	1	0	6	1.5435	0.4118	0	0	2	0.7123	0.4118	0	0	3	0.7952
JHH368ROI006_ROI_006.ome.tif	c583efe4-98d0-45f9-9ee6-66626326e903	Detection		HLA-DR: Other	Annotation	Polygon	7.069	75.56	0.0342	18.6185	23.0531	0.4402	0.742	7.2993	4.7793	4634.5	4638	4003	5285	291.7913	0.55	0	0	3	0.8256	0.6	0	0	4	1.0954	3.85	3	1	9	2.6213	0.1	0	0	1	0.3078	2.25	1.5	0	14	3.0066	26.9	25.5	15	42	6.7816	39.75	40.5	29	55	5.9549	0.15	0	0	2	0.4894	0	0	0	0	0	3.3	2.5	0	11	3.0105	0.2	0	0	2	0.5231	5.9	5	1	16	4.2538	0.2	0	0	1	0.4104	0.3	0	0	2	0.5712	0	0	0	0	0	2.35	2	0	10	2.5189	0.1	0	0	1	0.3078	0	0	0	0	0	0.1	0	0	1	0.3078	0.05	0	0	1	0.2236	0.3	0	0	2	0.5712	0	0	0	0	0	0.15	0	0	1	0.3663	0.05	0	0	1	0.2236	0.55	0	0	3	0.8256	0.3	0	0	2	0.5712	0.3	0	0	3	0.8013	0	0	0	0	0	0.1	0	0	1	0.3078	0	0	0	0	0	0.2	0	0	2	0.5231	0.35	0	0	4	0.9881	0.6	0	0	3	0.9403	0.45	0	0	5	1.191	0.1	0	0	1	0.3078	0	0	0	0	0	0.25	0	0	2	0.5501	0.4	0	0	3	0.8208	1.75	1	0	7	1.9967	0.15	0	0	1	0.3663	0.1	0	0	1	0.3078	12.9	12	0	35	10.8283	0.7	1	0	2	0.7327	0.1	0	0	1	0.3078	0	0	0	0	0	0	0	0	0	0	158.65	139.5	14	417	126.4109	282.3	256	20	797	233.6374	2.2	2	0	7	1.7652	2.05	1.5	0	8	2.2821	1.35	1	0	3	1.2258	0.35	0	0	2	0.6708	0.7	0	0	3	1.0809
JHH368ROI006_ROI_006.ome.tif	6dd3f8ce-3143-4b41-9caa-f7df8d07c7e2	Detection		HLA-DR: Other	Annotation	Polygon	5.856	3.433	0.0288	23.6317	19.0184	0.821	1	7.1043	5.1824	4534.478	4571	4093	5215	241.6293	0.4348	0	0	2	0.6624	0.2609	0	0	2	0.5408	3.3043	2	0	12	3.0066	0.6087	0	0	3	0.8913	0.9565	1	0	3	1.0651	24.913	26	14	33	4.6896	38.1739	37	23	51	7.171	0.1304	0	0	1	0.3444	0.1304	0	0	1	0.3444	1.4783	1	0	6	1.6479	0.087	0	0	1	0.2881	10.2174	9	1	29	6.9606	0.3478	0	0	2	0.5728	0.4348	0	0	3	0.8435	0	0	0	0	0	2.2174	1	0	10	2.9381	0.1739	0	0	1	0.3876	0.0435	0	0	1	0.2085	0	0	0	0	0	0.087	0	0	1	0.2881	0.6957	0	0	4	0.974	0	0	0	0	0	0.1739	0	0	2	0.491	0	0	0	0	0	1.087	1	0	8	1.7298	0.087	0	0	1	0.2881	0.3478	0	0	1	0.487	0.0435	0	0	1	0.2085	0.3478	0	0	3	0.7751	3.3478	1	0	15	5.1311	0.2174	0	0	2	0.5184	0.0435	0	0	1	0.2085	0.8696	1	0	3	0.9679	0.2609	0	0	2	0.5408	0.2609	0	0	5	1.0539	0.0435	0	0	1	0.2085	0	0	0	0	0	0.087	0	0	1	0.2881	1.8696	1	0	9	2.0069	0.2174	0	0	1	0.4217	0.087	0	0	2	0.417	13.1304	10	0	48	13.5791	0.1304	0	0	1	0.3444	0.2609	0	0	1	0.449	0	0	0	0	0	0	0	0	0	0	10.6522	6	0	44	11.3442	18.5217	13	4	63	15.5677	1.8261	1	0	4	1.3022	2.6957	2	0	8	2.0546	1.0435	1	0	4	1.1069	0.5217	0	0	4	0.9941	0.5652	0	0	3	0.8958
JHH368ROI006_ROI_006.ome.tif	c83e5624-e9c8-496b-8c39-06a74d98243d	Detection		Other	Annotation	Polygon	43.61	48.39	0.0221	16.5318	16.0556	0.8059	1	5.9836	4.1892	4491.8237	4554	3976	5075	325.7843	0.2353	0	0	1	0.4372	0.4118	0	0	2	0.7123	3.7647	4	0	7	2.1659	0.1176	0	0	2	0.4851	1.2941	1	0	6	1.4038	25.5294	26	15	35	5.5691	36.5882	35	26	54	6.6338	0.1176	0	0	1	0.3321	0.0588	0	0	1	0.2425	1.8824	1	0	6	1.8331	0.2941	0	0	3	0.7717	5.6471	3	0	22	6.4705	0.2353	0	0	1	0.4372	0.1176	0	0	1	0.3321	0.0588	0	0	1	0.2425	0.1176	0	0	1	0.3321	0.0588	0	0	1	0.2425	0	0	0	0	0	0	0	0	0	0	0.0588	0	0	1	0.2425	4.7059	2	0	23	6.1722	0	0	0	0	0	0.2941	0	0	3	0.7717	0.0588	0	0	1	0.2425	0.2353	0	0	1	0.4372	0.1176	0	0	1	0.3321	0.3529	0	0	1	0.4926	0	0	0	0	0	0.1176	0	0	2	0.4851	0.1765	0	0	3	0.7276	0.0588	0	0	1	0.2425	0.2353	0	0	2	0.5623	0.1765	0	0	1	0.393	0.5882	0	0	4	1.0641	0	0	0	0	0	0.0588	0	0	1	0.2425	0.1176	0	0	1	0.3321	0.0588	0	0	1	0.2425	0.9412	1	0	2	0.8269	0.3529	0	0	3	0.8618	0	0	0	0	0	0.1765	0	0	1	0.393	0.0588	0	0	1	0.2425	0	0	0	0	0	0	0	0	0	0	0	0	0	0	0	15	14	0	31	8.4039	32.2353	35	7	77	19.7564	2.5294	2	0	5	1.6627	3.4706	2	0	10	3.4662	1.6471	1	0	8	2.3168	0.7647	0	0	3	0.9701	0.4706	0	0	4	1.0676
JHH368ROI006_ROI_006.ome.tif	41c29a25-76bb-4714-81ff-9abd9325a1bd	Detection		Other: tumor_mesenchymal	Annotation	Polygon	8.98	95.72	0.0218	40.6063	23.8129	0.8999	1	8.2486	6.9034	4482.25	4482	3998	4871	226.0178	0.15	0	0	1	0.3616	0.425	0	0	3	0.7121	4.725	3	0	21	4.841	1	0	0	7	1.5359	2.5	2	0	9	1.7687	25.25	25	15	37	5.6193	38.15	38.5	23	55	7.8823	0.125	0	0	1	0.3349	0.075	0	0	1	0.2667	14.65	12.5	0	43	10.2396	0.425	0	0	4	0.813	22.45	15.5	0	79	21.7125	0.575	0	0	3	0.813	0.2	0	0	2	0.4641	0.05	0	0	1	0.2207	0.125	0	0	2	0.4043	3.1	1	0	22	5.3627	0.125	0	0	2	0.4043	0.025	0	0	1	0.1581	0.075	0	0	2	0.3499	0.25	0	0	3	0.6699	0.2	0	0	4	0.791	0.15	0	0	1	0.3616	0.05	0	0	1	0.2207	0.575	0	0	4	0.9026	0.55	0	0	4	0.9323	0.75	0	0	5	1.3349	0.225	0	0	4	0.7334	0.075	0	0	1	0.2667	0.25	0	0	2	0.4935	0.425	0	0	3	0.7121	0.425	0	0	2	0.5943	1.15	1	0	7	1.4944	0.525	0	0	4	0.8767	0.175	0	0	2	0.5006	0.05	0	0	1	0.2207	0.325	0	0	2	0.5723	0.25	0	0	4	0.7071	2.425	2	0	9	2.1589	0.7	0	0	5	1.1368	0.075	0	0	1	0.2667	0.725	0	0	5	1.1764	1.1	1	0	6	1.3166	18.475	4	0	148	33.591	0	0	0	0	0	0	0	0	0	0	25.85	26.5	11	53	9.2641	46.625	42	20	118	23.0002	6.75	6	0	18	4.1122	7.35	6.5	1	21	4.99	3.7	3	0	14	3.2988	0.5	0	0	3	0.8165	0.525	0	0	3	0.7841
JHH368ROI006_ROI_006.ome.tif	c1197bad-3927-4129-840d-872ab52ef565	Detection		Other	Annotation	Polygon	26.09	69.68	0.0177	19.158	17.6198	0.7755	1	6.614	4.2116	4575.8423	4588	4070	5049	258.6373	0.1053	0	0	1	0.3153	0.3684	0	0	1	0.4956	10.5263	9	2	22	5.6605	0.7368	0	0	5	1.2842	8.4737	2	0	53	13.5662	27.8947	26	18	43	7.264	38.7368	39	25	49	6.3144	0.1053	0	0	1	0.3153	0.0526	0	0	1	0.2294	4.2632	2	0	15	4.7122	0.5263	0	0	4	1.0733	14.5789	9	0	76	17.5002	0.2632	0	0	1	0.4524	0.5263	0	0	5	1.1723	0.0526	0	0	1	0.2294	1.3158	0	0	11	3.0741	0.2632	0	0	1	0.4524	0.1579	0	0	1	0.3746	0.0526	0	0	1	0.2294	0	0	0	0	0	0.2105	0	0	1	0.4189	0	0	0	0	0	0.3158	0	0	3	0.8201	0	0	0	0	0	0.5263	0	0	3	0.9048	0.1053	0	0	1	0.3153	0.7895	0	0	4	1.2283	0.1579	0	0	1	0.3746	0.4211	0	0	4	0.9612	0.2105	0	0	2	0.5353	0.6316	0	0	5	1.3421	0.2105	0	0	2	0.5353	1	1	0	4	1.2019	2.7368	0	0	24	6.3144	0.3158	0	0	1	0.4776	0.0526	0	0	1	0.2294	0	0	0	0	0	0.2632	0	0	2	0.562	1.4211	1	0	10	2.4566	0.2632	0	0	1	0.4524	0	0	0	0	0	2.3158	1	0	10	2.9449	0.3158	0	0	1	0.4776	0.1579	0	0	1	0.3746	0.0526	0	0	1	0.2294	0	0	0	0	0	30.0526	20	8	98	26.001	52.8421	34	13	163	45.19	2.8947	2	0	24	5.4047	2.1053	1	0	8	2.0247	1.2632	1	0	4	1.3267	0.5263	0	0	3	0.8412	0.4737	0	0	3	0.8412
JHH368ROI006_ROI_006.ome.tif	e7e45406-d208-4f3e-87d3-c731bf4c868f	Detection		HLA-DR: Other	Annotation	Polygon	26.57	1.145	0.0169	18.3455	16.7266	0.824	1	5.9526	4.3654	4639.7144	4610.5	4205	5069	260.3653	0.5	0	0	2	0.7596	0.5	0	0	2	0.6504	6.4286	6	3	13	2.8747	0.6429	0	0	2	0.8419	6.7143	7	0	19	5.3984	26.7143	26.5	17	36	5.6218	40.2143	40	28	53	7.1595	0.2143	0	0	1	0.4258	0.0714	0	0	1	0.2673	1.6429	1	0	6	2.17	0.2857	0	0	1	0.4688	26.9286	9.5	1	103	32.0875	0.7857	0.5	0	3	0.975	0.3571	0	0	2	0.6333	0.0714	0	0	1	0.2673	2.6429	1.5	0	10	3.0786	0.2143	0	0	2	0.5789	0.0714	0	0	1	0.2673	0.1429	0	0	1	0.3631	0.3571	0	0	4	1.0818	0.5	0	0	2	0.6504	0	0	0	0	0	0.2857	0	0	2	0.6112	0	0	0	0	0	2.0714	1	0	7	2.3358	0.0714	0	0	1	0.2673	1.1429	0.5	0	6	1.7913	0.2143	0	0	1	0.4258	0.2143	0	0	2	0.5789	0.5714	0	0	3	0.9376	1.4286	0	0	7	2.4405	6.2143	0.5	0	34	10.9064	0.2857	0	0	3	0.8254	3.5714	2	0	21	5.5291	0	0	0	0	0	0.1429	0	0	1	0.3631	0.2857	0	0	1	0.4688	0.9286	0	0	5	1.6392	3.0714	3	0	6	2.1291	0.5	0	0	2	0.6504	0.0714	0	0	1	0.2673	31.7857	33	5	57	18.0349	0.5	0.5	0	1	0.5189	0.2857	0	0	1	0.4688	0	0	0	0	0	0	0	0	0	0	16.7857	17	2	43	12.5587	33	26.5	10	70	20.677	6.9286	3	0	36	10.0954	4.8571	3.5	0	16	4.6386	1.5714	1	0	5	1.6968	0.5	0	0	2	0.8549	0.4286	0	0	2	0.6462
JHH368ROI006_ROI_006.ome.tif	52a10392-d6f3-45e1-874b-8aa4b60c087e	Detection		Other	Annotation	Polygon	26.46	73.11	0.0157	10.8726	14.0142	0.6957	1	5.2905	3.4395	4594.7002	4528.5	4328	5192	263.1472	0.6	0	0	4	1.2649	0.4	0	0	2	0.6992	12.6	11.5	2	22	6.5862	0.7	0.5	0	3	0.9487	3	2.5	0	7	2.4037	28.6	28.5	22	36	4.8351	41.5	41	29	51	7.2303	0.1	0	0	1	0.3162	0.2	0	0	2	0.6325	3	3	0	7	2	0.2	0	0	1	0.4216	10.1	9.5	4	19	5.5468	0.6	0	0	4	1.3499	0.2	0	0	2	0.6325	0.1	0	0	1	0.3162	0.4	0	0	3	0.9661	0.1	0	0	1	0.3162	0	0	0	0	0	0	0	0	0	0	0.4	0	0	4	1.2649	0.3	0	0	1	0.483	0	0	0	0	0	0.3	0	0	2	0.6749	0	0	0	0	0	1.3	0	0	6	2.0028	0	0	0	0	0	0.7	0	0	3	1.2517	0	0	0	0	0	0	0	0	0	0	0.5	0	0	3	0.9718	0.5	0	0	4	1.2693	0.1	0	0	1	0.3162	1	1	0	3	1.0541	0.6	0	0	2	0.8433	0.4	0	0	1	0.5164	0	0	0	0	0	0.1	0	0	1	0.3162	0.3	0	0	2	0.6749	1.5	1	1	3	0.7071	0.5	0	0	3	0.9718	0.1	0	0	1	0.3162	4.8	4	0	15	4.7563	1.1	0.5	0	4	1.4491	0.1	0	0	1	0.3162	0	0	0	0	0	0	0	0	0	0	17	12.5	7	36	10.435	33.2	28	23	65	13.6447	2.6	2.5	0	7	2.2211	2.9	1.5	0	8	2.6854	1.3	1	0	3	1.1595	0.6	0	0	3	0.9661	1	1	0	3	1.0541
JHH368ROI006_ROI_006.ome.tif	fb456924-e75b-4114-878c-9925e793d322	Detection		HLA-DR: Other	Annotation	Polygon	4.243	-0.448	0.0153	20.3459	21.6026	0.5479	0.7881	6.7363	5.6163	4490.8335	4501.5	4189	4748	257.3802	0.1667	0	0	1	0.4082	0.1667	0	0	1	0.4082	5.1667	5	1	8	2.6394	0.6667	0.5	0	2	0.8165	2.3333	2.5	0	5	1.7512	24.3333	24	16	32	5.4283	39	38.5	26	55	13.3417	0.1667	0	0	1	0.4082	0.1667	0	0	1	0.4082	1	0	0	3	1.5492	0.1667	0	0	1	0.4082	6.6667	3	0	27	10.0929	0.1667	0	0	1	0.4082	0	0	0	0	0	0	0	0	0	0	0.8333	0	0	4	1.6021	0.1667	0	0	1	0.4082	0	0	0	0	0	0.1667	0	0	1	0.4082	0	0	0	0	0	0.3333	0	0	1	0.5164	0	0	0	0	0	0.1667	0	0	1	0.4082	0	0	0	0	0	0.3333	0	0	1	0.5164	0.1667	0	0	1	0.4082	0.3333	0	0	2	0.8165	0	0	0	0	0	0.5	0	0	3	1.2247	0.5	0	0	2	0.8367	0	0	0	0	0	0	0	0	0	0	0.3333	0	0	2	0.8165	0.3333	0	0	1	0.5164	0.3333	0	0	1	0.5164	0	0	0	0	0	0.3333	0	0	2	0.8165	0.1667	0	0	1	0.4082	1.6667	2	1	2	0.5164	0.3333	0	0	1	0.5164	0	0	0	0	0	10.3333	1.5	0	53	20.973	0.1667	0	0	1	0.4082	0	0	0	0	0	0	0	0	0	0	0	0	0	0	0	9.8333	9.5	5	14	3.656	18	16	9	40	11.3137	1.3333	1	0	3	1.3663	2.6667	2	0	6	2.4221	0.8333	0	0	3	1.3292	0.5	0	0	2	0.8367	0.3333	0	0	1	0.5164
JHH368ROI006_ROI_006.ome.tif	790f375e-f2d8-49e9-8802-28f489c8c90e	Detection		Other	Annotation	Polygon	54.96	39.07	0.0147	21.0032	18.6604	0.758	1	6.7818	4.9372	4473.6001	4501	3777	4809	262.0702	0.2	0	0	1	0.4104	0.45	0	0	1	0.5104	6.45	6.5	0	13	3.6775	0.35	0	0	2	0.5871	1.65	1.5	0	5	1.268	23.3	23.5	12	37	5.9036	42.8	43	28	57	7.1422	0.25	0	0	1	0.4443	0.1	0	0	1	0.3078	2.75	1	0	13	3.9587	0.45	0	0	3	0.9987	11.05	6.5	0	46	12.3437	0.35	0	0	2	0.7452	0.15	0	0	2	0.4894	0	0	0	0	0	0	0	0	0	0	0.4	0	0	3	0.8826	0	0	0	0	0	0.1	0	0	1	0.3078	0.05	0	0	1	0.2236	8.6	2	0	61	16.5383	0.1	0	0	2	0.4472	0	0	0	0	0	0.4	0	0	8	1.7889	0.25	0	0	3	0.7164	0.15	0	0	1	0.3663	0.6	0	0	6	1.5009	0.1	0	0	1	0.3078	0.15	0	0	2	0.4894	0.3	0	0	4	0.9787	0.35	0	0	3	0.8127	0.1	0	0	1	0.3078	0.65	0	0	3	0.8751	0.7	0	0	7	2.0026	0	0	0	0	0	0	0	0	0	0	0.15	0	0	1	0.3663	0.15	0	0	2	0.4894	1.5	1	0	4	1.2773	0.2	0	0	1	0.4104	0.1	0	0	2	0.4472	0.45	0	0	2	0.6048	0.45	0	0	2	0.7592	0	0	0	0	0	0	0	0	0	0	0	0	0	0	0	14.9	11	2	65	14.8746	27.15	17	4	108	25.0395	3.55	3	0	14	3.4561	2.55	2	0	10	2.9465	2.05	1.5	0	7	2.2118	0.35	0	0	3	0.8127	0.25	0	0	3	0.7164
JHH368ROI006_ROI_006.ome.tif	09550074-f34a-4ed6-b950-669ce6872484	Detection		HLA-DR: Other	Annotation	Polygon	11.72	24.99	0.0138	14.655	29.0843	0.2177	0.424	9.2504	5.3214	4551.4165	4542.5	4218	4998	252.1286	0.5	0	0	2	0.7977	0.25	0	0	1	0.4523	3.3333	3	1	9	2.1462	0.6667	0	0	4	1.2309	5.9167	6	1	17	4.5619	28.5	27.5	22	38	5.9314	39.1667	40.5	20	51	8.0321	0.3333	0	0	2	0.6513	0	0	0	0	0	1.3333	0.5	0	5	1.7753	0.5833	0	0	4	1.379	22.4167	14.5	1	68	20.9348	0.3333	0	0	1	0.4924	0.5	0	0	2	0.7977	0.0833	0	0	1	0.2887	5.5833	3.5	0	21	5.9001	0.1667	0	0	1	0.3892	0.0833	0	0	1	0.2887	0.0833	0	0	1	0.2887	0.0833	0	0	1	0.2887	0.6667	0	0	4	1.1547	0.0833	0	0	1	0.2887	0.1667	0	0	1	0.3892	0.0833	0	0	1	0.2887	1.5833	1.5	0	5	1.5643	0.5	0	0	2	0.6742	0.8333	0.5	0	3	1.1146	0.1667	0	0	1	0.3892	0.0833	0	0	1	0.2887	0.1667	0	0	1	0.3892	0.8333	0.5	0	4	1.1934	0.1667	0	0	1	0.3892	0.3333	0	0	2	0.7785	2	1	0	9	2.9848	0.25	0	0	1	0.4523	0.0833	0	0	1	0.2887	0.5	0	0	3	1	0.9167	0.5	0	3	1.0836	1.1667	1	0	4	1.1934	0.5833	0.5	0	2	0.6686	0.1667	0	0	1	0.3892	13.25	13.5	1	44	12.1665	0.8333	0	0	4	1.3371	0.0833	0	0	1	0.2887	0.0833	0	0	1	0.2887	0.0833	0	0	1	0.2887	9.9167	9.5	0	20	5.0894	19.4167	13.5	4	41	11.9807	4.8333	2.5	0	16	4.8021	3.9167	2.5	0	10	3.1467	2	2	0	4	1.2792	0.6667	0	0	3	0.9847	1.3333	1	0	5	1.4975
JHH368ROI006_ROI_006.ome.tif	7da199a4-9248-40eb-878f-90cd3d9e06f8	Detection		Other: CAF	Annotation	Polygon	45.45	59.99	0.0104	18.2007	20.7556	0.5309	0.7855	7.4085	4.609	4549.25	4527	4043	5118	305.1005	0.0625	0	0	1	0.25	0.4375	0	0	3	0.8921	3.0625	2	0	10	2.7681	0.4375	0	0	1	0.5123	3.3125	3	0	15	3.4587	24.9375	25	16	37	5.36	36.9375	36	25	48	7.2981	0.0625	0	0	1	0.25	0.5625	0	0	5	1.315	39	3.5	0	539	133.552	0.6875	0	0	3	0.9465	9.25	7.5	0	33	8.0953	0.3125	0	0	2	0.6021	0.125	0	0	1	0.3416	0.0625	0	0	1	0.25	0.25	0	0	2	0.5774	0.1875	0	0	2	0.5439	0.0625	0	0	1	0.25	0.125	0	0	1	0.3416	0.125	0	0	1	0.3416	0.9375	1	0	7	1.6919	0.0625	0	0	1	0.25	0.125	0	0	1	0.3416	0	0	0	0	0	0.4375	0	0	2	0.7274	0.375	0	0	3	0.8851	0.3125	0	0	2	0.6021	0.1875	0	0	2	0.5439	0.1875	0	0	1	0.4031	0.4375	0	0	2	0.7274	0.375	0	0	2	0.7188	0.625	0	0	5	1.3102	1.1875	1	0	3	1.1087	1.75	1.5	0	5	1.3416	0.6875	0	0	9	2.2721	0	0	0	0	0	0.0625	0	0	1	0.25	1	1	0	4	1.1547	3.875	3	0	11	3.519	0.5	0	0	2	0.6325	0.0625	0	0	1	0.25	1	1	0	5	1.3166	1.0625	0.5	0	4	1.3401	0.125	0	0	1	0.3416	0	0	0	0	0	0	0	0	0	0	9.625	8	1	20	5.365	16.4375	17	6	25	5.2405	6.5625	5	1	16	4.9121	3.75	4	0	10	2.4083	1.25	1	0	4	1.2383	0.4375	0	0	4	1.2093	0.625	0	0	2	0.8062
JHH368ROI006_ROI_006.ome.tif	08662d37-9a1b-477d-a62a-23c13d31a2be	Detection		Other: tumor_mesenchymal	Annotation	Polygon	1.941	94.61	0.0102	38.2706	23.246	0.89	1	8.2878	6.5099	4391.5151	4374	3855	4970	225.6311	0.1212	0	0	1	0.3314	0.4545	0	0	3	0.8693	0.7273	1	0	4	0.9445	1.0303	1	0	2	0.8472	2.303	2	0	6	1.7763	24.7879	24	15	43	6.3971	34.5758	34	23	49	6.8922	0.1212	0	0	1	0.3314	0.0606	0	0	1	0.2423	1.0606	1	0	3	0.9334	0.303	0	0	2	0.5294	2.0303	1	0	12	2.4042	0.303	0	0	2	0.5294	0.7273	0	0	3	0.9445	0.4545	0	0	5	1.1481	0.2424	0	0	1	0.4352	38.8182	37	13	78	16.1176	0.303	0	0	3	0.6366	0.4848	0	0	3	0.7124	0.1515	0	0	2	0.4417	0.9394	1	0	2	0.8993	0.4242	0	0	4	0.8303	0.1818	0	0	2	0.4647	0.0606	0	0	1	0.2423	1.4242	1	0	5	1.37	1.0606	1	0	4	1.2232	0.0303	0	0	1	0.1741	0.2727	0	0	2	0.5741	0.1818	0	0	1	0.3917	0.7879	1	0	3	0.8572	0.6364	0	0	6	1.2201	1.8182	1	0	11	2.4932	11	8	0	25	7.9451	1	1	0	6	1.3919	0.6364	0	0	4	0.9624	0.1515	0	0	1	0.3641	0.5455	0	0	4	0.9384	0.5455	0	0	3	0.7538	9.5455	7	2	34	7.2375	1.7273	1	0	6	1.737	0.3636	0	0	3	0.7424	0.7273	0	0	4	1.0975	0.303	0	0	2	0.5855	140.5758	139	51	264	58.2725	0	0	0	0	0	0.0303	0	0	1	0.1741	98.7273	91	16	188	58.3863	176.5152	175	30	332	101.7731	7.9697	8	2	16	3.729	6.5758	6	2	14	2.8726	7.0606	6	1	17	4.1754	0.1515	0	0	1	0.3641	0.8788	0	0	6	1.4088
