Image	Object ID	Object type	Name	Classification	Parent	ROI	Centroid X µm	Centroid Y µm	Detection probability	Area µm^2	Length µm	Circularity	Solidity	Max diameter µm	Min diameter µm	80ArAr: Mean	80ArAr: Median	80ArAr: Min	80ArAr: Max	80ArAr: Std.Dev.	CD45: Mean	CD45: Median	CD45: Min	CD45: Max	CD45: Std.Dev.	Ruthenium: Mean	Ruthenium: Median	Ruthenium: Min	Ruthenium: Max	Ruthenium: Std.Dev.	Collagen: Mean	Collagen: Median	Collagen: Min	Collagen: Max	Collagen: Std.Dev.	Ecadherin: Mean	Ecadherin: Median	Ecadherin: Min	Ecadherin: Max	Ecadherin: Std.Dev.	120Sn: Mean	120Sn: Median	120Sn: Min	120Sn: Max	120Sn: Std.Dev.	127I: Mean	127I: Median	127I: Min	127I: Max	127I: Std.Dev.	131Xe: Mean	131Xe: Median	131Xe: Min	131Xe: Max	131Xe: Std.Dev.	133Cs: Mean	133Cs: Median	133Cs: Min	133Cs: Max	133Cs: Std.Dev.	138Ba: Mean	138Ba: Median	138Ba: Min	138Ba: Max	138Ba: Std.Dev.	SMA: Mean	SMA: Median	SMA: Min	SMA: Max	SMA: Std.Dev.	Podoplanin: Mean	Podoplanin: Median	Podoplanin: Min	Podoplanin: Max	Podoplanin: Std.Dev.	VIM: Mean	VIM: Median	VIM: Min	VIM: Max	VIM: Std.Dev.	S100A4: Mean	S100A4: Median	S100A4: Min	S100A4: Max	S100A4: Std.Dev.	CD45RO: Mean	CD45RO: Median	CD45RO: Min	CD45RO: Max	CD45RO: Std.Dev.	CD16: Mean	CD16: Median	CD16: Min	CD16: Max	CD16: Std.Dev.	CD163: Mean	CD163: Median	CD163: Min	CD163: Max	CD163: Std.Dev.	CK: Mean	CK: Median	CK: Min	CK: Max	CK: Std.Dev.	TFF1: Mean	TFF1: Median	TFF1: Min	TFF1: Max	TFF1: Std.Dev.	PDL1: Mean	PDL1: Median	PDL1: Min	PDL1: Max	PDL1: Std.Dev.	PD1: Mean	PD1: Median	PD1: Min	PD1: Max	PD1: Std.Dev.	CD31: Mean	CD31: Median	CD31: Min	CD31: Max	CD31: Std.Dev.	Tox_Tox2: Mean	Tox_Tox2: Median	Tox_Tox2: Min	Tox_Tox2: Max	Tox_Tox2: Std.Dev.	CD57: Mean	CD57: Median	CD57: Min	CD57: Max	CD57: Std.Dev.	FOXP3: Mean	FOXP3: Median	FOXP3: Min	FOXP3: Max	FOXP3: Std.Dev.	CD4: Mean	CD4: Median	CD4: Min	CD4: Max	CD4: Std.Dev.	NCAD: Mean	NCAD: Median	NCAD: Min	NCAD: Max	NCAD: Std.Dev.	CD68: Mean	CD68: Median	CD68: Min	CD68: Max	CD68: Std.Dev.	IL6: Mean	IL6: Median	IL6: Min	IL6: Max	IL6: Std.Dev.	CD20: Mean	CD20: Median	CD20: Min	CD20: Max	CD20: Std.Dev.	CD8: Mean	CD8: Median	CD8: Min	CD8: Max	CD8: Std.Dev.	PDGFRa: Mean	PDGFRa: Median	PDGFRa: Min	PDGFRa: Max	PDGFRa: Std.Dev.	IL8: Mean	IL8: Median	IL8: Min	IL8: Max	IL8: Std.Dev.	GATA6: Mean	GATA6: Median	GATA6: Min	GATA6: Max	GATA6: Std.Dev.	CD45RA: Mean	CD45RA: Median	CD45RA: Min	CD45RA: Max	CD45RA: Std.Dev.	GZMB: Mean	GZMB: Median	GZMB: Min	GZMB: Max	GZMB: Std.Dev.	KI67: Mean	KI67: Median	KI67: Min	KI67: Max	KI67: Std.Dev.	CXCL12: Mean	CXCL12: Median	CXCL12: Min	CXCL12: Max	CXCL12: Std.Dev.	CD3: Mean	CD3: Median	CD3: Min	CD3: Max	CD3: Std.Dev.	S100A2: Mean	S100A2: Median	S100A2: Min	S100A2: Max	S100A2: Std.Dev.	FAP_alpha: Mean	FAP_alpha: Median	FAP_alpha: Min	FAP_alpha: Max	FAP_alpha: Std.Dev.	CD173: Mean	CD173: Median	CD173: Min	CD173: Max	CD173: Std.Dev.	HLADR: Mean	HLADR: Median	HLADR: Min	HLADR: Max	HLADR: Std.Dev.	CD105: Mean	CD105: Median	CD105: Min	CD105: Max	CD105: Std.Dev.	KRT17: Mean	KRT17: Median	KRT17: Min	KRT17: Max	KRT17: Std.Dev.	190BCKG: Mean	190BCKG: Median	190BCKG: Min	190BCKG: Max	190BCKG: Std.Dev.	190Os: Mean	190Os: Median	190Os: Min	190Os: Max	190Os: Std.Dev.	DNA1: Mean	DNA1: Median	DNA1: Min	DNA1: Max	DNA1: Std.Dev.	DNA2: Mean	DNA2: Median	DNA2: Min	DNA2: Max	DNA2: Std.Dev.	PM2: Mean	PM2: Median	PM2: Min	PM2: Max	PM2: Std.Dev.	PM3: Mean	PM3: Median	PM3: Min	PM3: Max	PM3: Std.Dev.	PM4: Mean	PM4: Median	PM4: Min	PM4: Max	PM4: Std.Dev.	204Pb: Mean	204Pb: Median	204Pb: Min	204Pb: Max	204Pb: Std.Dev.	208Pb: Mean	208Pb: Median	208Pb: Min	208Pb: Max	208Pb: Std.Dev.
JHH390_ROI004_ROI_T1.ome.tif	a5ba656e-7a42-4a01-9154-8f78e5a6f982	Detection		Other: CD8 T cell	Annotation	Polygon	26.54	87.56	0.8293	67.6854	30.417	0.9193	1	10.622	8.7943	3422.5146	3440.5	3081	3770	169.4696	0.4265	0	0	3	0.7788	0.1912	0	0	2	0.4322	3.9118	4	0	13	2.7358	0.2647	0	0	2	0.4769	1.0147	1	0	5	1.1907	9.3529	9	2	20	3.8353	81.1912	81.5	56	102	11.5076	0.2206	0	0	2	0.4839	0.1912	0	0	4	0.5797	6.7206	6	0	20	5.0189	0.5	0	0	5	0.8376	17.9706	16	6	44	7.9794	1.75	1	0	8	1.6606	0.2206	0	0	2	0.4839	0.0147	0	0	1	0.1213	0.1324	0	0	2	0.3826	0.1912	0	0	2	0.4654	0.0588	0	0	1	0.237	0.1029	0	0	3	0.4617	0.0735	0	0	1	0.2629	0.3676	0	0	6	0.9448	0.4265	0	0	6	1.0412	0.5	0	0	3	0.8011	0.0147	0	0	1	0.1213	1.1618	1	0	6	1.4823	0.1324	0	0	2	0.3826	0.0735	0	0	1	0.2629	0.1765	0	0	2	0.4552	0.0588	0	0	1	0.237	4.6176	1	0	32	7.318	0.4118	0	0	2	0.6519	0.1324	0	0	2	0.3826	0.9412	0	0	6	1.337	1.3824	1	0	8	1.8368	0.1912	0	0	1	0.3962	0.0441	0	0	1	0.2069	0.2206	0	0	3	0.5421	0.6912	0	0	7	1.3522	1.5441	1	0	6	1.2391	0.3382	0	0	3	0.6826	0.1029	0	0	2	0.3515	1.25	1	0	8	1.6334	0.1618	0	0	3	0.5628	0.0147	0	0	1	0.1213	0	0	0	0	0	0.0294	0	0	1	0.1702	126.2647	127	15	289	58.3573	225.2941	225	20	474	104.3905	4.0588	4	0	12	2.8331	3.9118	3.5	0	12	2.7683	2.5588	2	0	9	1.9954	0.25	0	0	4	0.6991	0.3529	0	0	2	0.6173
JHH390_ROI004_ROI_T1.ome.tif	58908710-0ff5-48de-905f-946df91fffba	Detection		Other	Annotation	Polygon	43.37	29.88	0.815	80.916	34.6612	0.8464	1	13.64	8.1343	3492.2561	3479	3156	3925	171.1734	0.0244	0	0	1	0.1552	0.1707	0	0	2	0.4099	3.8902	3	0	11	2.8065	0.4634	0	0	4	0.8042	1.1341	1	0	5	1.2547	10.439	10	4	21	3.9724	80.1707	77	58	115	11.8069	0.2561	0	0	2	0.4664	0.1707	0	0	2	0.4663	30.2195	23	2	105	24.7406	0.3415	0	0	2	0.6521	8.3659	7	0	39	7.4511	0.2805	0	0	4	0.7248	0.3049	0	0	3	0.6972	0.1341	0	0	2	0.3772	0.0854	0	0	2	0.3221	0.5732	0	0	25	2.8022	0.1341	0	0	2	0.3772	0.1098	0	0	2	0.3516	0.0854	0	0	2	0.3221	0.4146	0	0	4	0.8742	0.0854	0	0	2	0.3221	0.1098	0	0	2	0.3851	0.0244	0	0	1	0.1552	0.6341	0	0	6	1.1168	0.4634	0	0	3	0.7403	0.0366	0	0	1	0.1889	0.1707	0	0	2	0.4099	0.1341	0	0	2	0.3772	0.4024	0	0	3	0.6641	0.4756	0	0	4	0.7892	0.1098	0	0	1	0.3145	3.9146	3	0	14	3.1825	0.4024	0	0	4	0.8586	0.2317	0	0	3	0.5043	0.061	0	0	1	0.2408	0.7073	0	0	6	1.1914	0.2561	0	0	3	0.54	1.7805	1.5	0	8	1.5794	0.5	0	0	3	0.7071	0.0976	0	0	1	0.2985	0.7439	0	0	7	1.4385	1.122	1	0	4	1.18	0.0488	0	0	1	0.2167	0.0244	0	0	1	0.1552	0.0366	0	0	1	0.1889	73.1707	73	28	142	28.8961	131.2561	125.5	43	247	52.7624	2.0488	2	0	9	1.911	3.4268	3	0	11	2.6575	1.7073	1	0	9	1.8018	0.1585	0	0	2	0.4573	0.9634	0	0	28	3.1562
JHH390_ROI004_ROI_T1.ome.tif	9199805c-1d11-40f9-be62-ea3db5448ba3	Detection		Other: CD4 T cell	Annotation	Polygon	42.93	61.89	0.7676	49.8983	26.6459	0.8832	1	9.4247	7.5127	3474.3401	3478.5	3106	4017	190.4696	0.74	0	0	3	0.9216	0.18	0	0	2	0.4375	3.64	4	0	10	2.3713	0.34	0	0	6	0.9817	0.96	1	0	6	1.2115	11.12	11	3	20	4.3689	79.6	79.5	55	104	10.172	0.3	0	0	2	0.6145	0.14	0	0	1	0.3505	6.7	5	0	34	7.6218	0.32	0	0	3	0.6207	4.3	4	0	17	3.1639	0.54	0	0	2	0.706	0.5	0	0	5	0.9313	0.04	0	0	1	0.1979	0.04	0	0	1	0.1979	0.22	0	0	4	0.7083	0.08	0	0	1	0.274	0.1	0	0	3	0.4629	0.1	0	0	2	0.4165	0.18	0	0	6	0.8734	0.3	0	0	4	0.7354	0.34	0	0	1	0.4785	0.02	0	0	1	0.1414	4.24	3	0	13	3.5775	0.22	0	0	2	0.4647	0.02	0	0	1	0.1414	0.12	0	0	2	0.3854	0.12	0	0	1	0.3283	0.18	0	0	2	0.4375	0.22	0	0	1	0.4185	0.04	0	0	1	0.1979	0.4	0	0	2	0.6389	0.28	0	0	3	0.6074	0.18	0	0	2	0.4375	0	0	0	0	0	0.12	0	0	1	0.3283	3.68	3	0	14	2.8099	1.38	1	0	5	1.3384	0.34	0	0	2	0.5194	0.1	0	0	2	0.3642	0.68	0.5	0	3	0.8437	0.1	0	0	2	0.4165	0.02	0	0	1	0.1414	0.1	0	0	2	0.3642	0.06	0	0	1	0.2399	159.64	175.5	18	395	95.2721	291.84	301	37	761	180.1837	1.64	1	0	6	1.4813	3.08	3	0	9	2.23	1.34	1	0	5	1.2224	0.18	0	0	2	0.4375	0.52	0	0	3	0.7887
JHH390_ROI004_ROI_T1.ome.tif	08eae399-12a0-4d3c-ac79-50aa6b38771c	Detection		HLA-DR: Other	Annotation	Polygon	13.71	72.93	0.7571	65.7671	33.4894	0.7369	0.9659	13.6607	7.6305	3489.4849	3497	3065	3860	176.7422	0.2879	0	0	2	0.5193	0.1212	0	0	2	0.4119	4.5758	3	0	23	4.3785	0.4848	0	0	3	0.7695	1.8485	1	0	10	1.9155	10.0152	10	2	18	3.3764	84.197	81	65	109	11.3113	0.2576	0	0	3	0.5899	0.1364	0	0	2	0.3877	11.0455	11	1	28	6.7946	0.4091	0	0	4	0.7437	9.8788	10	0	28	5.3278	0.6364	0	0	4	0.8346	0.4545	0	0	3	0.7683	0.0606	0	0	1	0.2404	0.6515	0	0	4	0.9029	0.197	0	0	3	0.5608	0.0909	0	0	1	0.2897	0.1515	0	0	1	0.3613	0.1667	0	0	1	0.3755	0.7424	0	0	4	1.0275	0.2424	0	0	3	0.5834	0.2727	0	0	4	0.6213	0.0455	0	0	1	0.2099	1.3333	1	0	6	1.4919	0.3485	0	0	2	0.5682	0.0606	0	0	2	0.2976	0.3636	0	0	8	1.0903	0.2121	0	0	2	0.4477	0.5303	0	0	5	1.0844	0.4697	0	0	3	0.7888	0.2121	0	0	2	0.4477	1.1212	1	0	7	1.3758	0.5	0	0	5	0.9157	0.2727	0	0	3	0.596	0.0606	0	0	1	0.2404	0.3182	0	0	3	0.66	0.3333	0	0	5	0.791	2.2424	2	0	9	2.3009	0.9545	1	0	4	1.0732	0.2273	0	0	4	0.6275	28.3182	25	3	65	15.3043	0.4242	0	0	3	0.7857	0.1667	0	0	2	0.4145	0.0455	0	0	1	0.2099	0.0758	0	0	2	0.3192	176.2273	184.5	33	333	78.2709	312.1818	326	44	595	135.1812	3.8333	4	0	14	2.8854	3.4545	3	0	11	2.7745	1.5455	1	0	7	1.3943	0.303	0	0	4	0.6556	0.8788	0	0	7	1.398
JHH390_ROI004_ROI_T1.ome.tif	cdc00050-0f1f-4b0a-8894-3add02f0d342	Detection		Other	Annotation	Polygon	14.18	20.93	0.7441	102.4278	37.4268	0.9189	1	13.7108	10.2568	3473.7427	3470	2937	3990	183.3895	0.1287	0	0	2	0.3915	0.1683	0	0	4	0.5669	4.4356	4	0	14	2.4593	0.4158	0	0	2	0.6044	1.0891	1	0	7	1.2578	9.7327	9	3	21	3.8598	79.8812	80	51	110	11.8366	0.2475	0	0	3	0.5551	0.0891	0	0	1	0.2863	5.4257	5	0	23	4.0407	0.3069	0	0	3	0.6123	6.1485	6	0	20	4.0259	0.1584	0	0	4	0.5241	0.0396	0	0	1	0.196	0.0396	0	0	1	0.196	0.0594	0	0	1	0.2376	0.1782	0	0	2	0.456	0.1089	0	0	5	0.5639	0.0792	0	0	3	0.3656	0.0297	0	0	1	0.1706	0.1287	0	0	2	0.3651	0.1188	0	0	1	0.3252	0.1782	0	0	2	0.4098	0.0198	0	0	1	0.14	0.2574	0	0	3	0.5414	0.3861	0	0	4	0.787	0.0495	0	0	2	0.2599	0.1386	0	0	3	0.4697	0.0495	0	0	1	0.218	0.2772	0	0	3	0.5851	0.2574	0	0	2	0.5031	0.1386	0	0	3	0.5105	2.3465	2	0	10	2.1375	0.2277	0	0	2	0.4665	0.1485	0	0	2	0.4095	0.099	0	0	1	0.3002	0.2673	0	0	2	0.5271	0.1485	0	0	1	0.3574	0.9802	1	0	6	1.1998	0.4356	0	0	3	0.7269	0.0792	0	0	2	0.306	0.6931	0	0	4	0.8803	0.1782	0	0	2	0.4098	0.0297	0	0	2	0.2216	0.0297	0	0	1	0.1706	0.0099	0	0	1	0.0995	62.8218	62	19	133	26.7654	112.9406	108	30	222	44.1941	1.7129	1	0	7	1.6931	2.2376	2	0	13	2.1961	1.0693	1	0	7	1.409	0.1683	0	0	1	0.376	0.3168	0	0	4	0.6772
JHH390_ROI004_ROI_T1.ome.tif	c37dda57-b652-4c95-869b-cc33430797cd	Detection		Other: CAF	Annotation	Polygon	16.48	32.76	0.6826	87.8601	39.7467	0.6989	1	17.199	6.6378	3461.6592	3451.5	3063	3883	174.7489	0.2159	0	0	2	0.4901	0.1932	0	0	2	0.425	3.375	3	0	12	2.4556	0.4432	0	0	5	0.9079	0.8523	1	0	6	1.0563	10.7045	10	3	22	3.8121	80.75	83.5	46	102	13.3212	0.2727	0	0	2	0.5192	0.1136	0	0	3	0.4133	15.8864	14.5	2	41	8.7263	0.7045	0	0	11	1.4634	9.4318	6	0	51	9.841	0.3409	0	0	2	0.6043	0.2955	0	0	2	0.5705	0.0455	0	0	1	0.2095	0.0795	0	0	2	0.3465	0.2273	0	0	6	0.754	0.0909	0	0	2	0.3265	0.1136	0	0	1	0.3192	0.0795	0	0	2	0.3115	0.2045	0	0	2	0.4833	0.0909	0	0	1	0.2891	0.2159	0	0	2	0.4901	0	0	0	0	0	0.3409	0	0	3	0.6761	0.3409	0	0	4	0.8562	0.0682	0	0	3	0.365	0.1136	0	0	1	0.3192	0.0568	0	0	1	0.2328	0.2386	0	0	3	0.6064	0.4091	0	0	3	0.6545	0.125	0	0	3	0.4501	1.9773	2	0	9	2.0621	0.2841	0	0	2	0.5456	0.1932	0	0	4	0.5844	0	0	0	0	0	0.5909	0	0	4	0.8793	0.1705	0	0	2	0.4604	1.0795	1	0	10	1.4322	0.5114	0	0	5	0.884	0.1477	0	0	2	0.4431	0.9205	0	0	5	1.2705	0.2614	0	0	4	0.6342	0.0227	0	0	1	0.1499	0.0227	0	0	1	0.1499	0	0	0	0	0	65.9432	69.5	5	137	31.8976	117.3182	120.5	8	264	56.7344	1.9091	2	0	7	1.6091	2.7614	3	0	9	1.9298	1	1	0	4	1.1346	0.3523	0	0	7	0.9102	3.5	0	0	223	23.8675
JHH390_ROI004_ROI_T1.ome.tif	d8987cc5-d21e-4536-a601-5b6569f0c97c	Detection		Other	Annotation	Polygon	83	93.28	0.671	74.5766	33.4954	0.8353	1	13.0665	7.2059	3456.5212	3454	2880	4068	223.0315	0.0986	0	0	1	0.3002	0.1408	0	0	2	0.4241	3.5775	3	0	11	2.6547	0.2817	0	0	2	0.5394	1.1549	1	0	6	1.4107	10.2113	10	4	22	3.5853	81.8732	81	58	107	11.7193	0.3521	0	0	2	0.5372	0.169	0	0	2	0.4777	13.4648	11	1	43	8.7877	0.2535	0	0	4	0.6911	7.9296	7	0	36	6.4925	0.2394	0	0	3	0.6202	0.2535	0	0	4	0.6701	0.0845	0	0	1	0.2801	0.1268	0	0	1	0.3351	0.1127	0	0	2	0.3982	0.0282	0	0	1	0.1666	0.1127	0	0	2	0.3605	0.1268	0	0	2	0.4116	0.2394	0	0	2	0.5468	0.0986	0	0	4	0.5114	0.338	0	0	4	0.7918	0	0	0	0	0	0.1972	0	0	4	0.6005	0.3099	0	0	3	0.6457	0.1127	0	0	3	0.5223	0.0986	0	0	2	0.3445	0.0282	0	0	1	0.1666	0.0845	0	0	1	0.2801	0.1972	0	0	2	0.4666	0.1268	0	0	4	0.5326	1.7606	1	0	10	2.0104	0.2113	0	0	3	0.5835	0.1831	0	0	3	0.5685	0.0141	0	0	1	0.1187	0.0845	0	0	2	0.3272	0.169	0	0	4	0.5603	0.9155	1	0	7	1.2392	0.2113	0	0	2	0.4445	0.0845	0	0	1	0.2801	0.6761	0	0	3	0.9223	0.169	0	0	3	0.5067	0.0986	0	0	2	0.3445	0.0704	0	0	1	0.2577	0.0423	0	0	1	0.2026	79.2113	82	5	141	34.0432	141.2535	136	6	283	63.1377	1.338	1	0	10	1.5761	1.9014	1	0	8	1.9358	0.7465	0	0	3	0.9669	0.3521	0	0	6	0.9118	0.3099	0	0	2	0.5755
JHH390_ROI004_ROI_T1.ome.tif	c94e0ed3-7702-4b9a-ad26-5691612e918c	Detection		HLA-DR: Other	Annotation	Polygon	8.343	64.7	0.6697	92.4593	37.7509	0.8153	1	15.5216	8.7937	3479.9333	3475.5	3074	3914	174.6673	0.1667	0	0	2	0.4036	0.1222	0	0	2	0.3619	4.5889	4	0	14	2.7392	0.4778	0	0	3	0.8104	1.6778	1	0	15	2.4987	10.1889	10	0	24	4.9648	83.7667	83	56	122	12.6811	0.2667	0	0	2	0.5363	0.1556	0	0	1	0.3645	8.5667	6	0	43	8.6597	0.4556	0	0	4	0.7813	6.8	6	0	21	4.7834	0.3111	0	0	4	0.6473	0.4333	0	0	4	0.7651	0.0556	0	0	2	0.2748	0.2667	0	0	3	0.7465	0.3889	0	0	25	2.6423	0.0778	0	0	1	0.2693	0.0778	0	0	1	0.2693	0.0778	0	0	1	0.2693	0.4	0	0	4	0.7465	0.1222	0	0	2	0.3619	0.2333	0	0	2	0.4983	0	0	0	0	0	0.5	0	0	5	0.89	0.2333	0	0	5	0.6712	0.0333	0	0	1	0.1805	0.0556	0	0	1	0.2303	0.1	0	0	2	0.3369	0.2333	0	0	3	0.619	0.3667	0	0	2	0.608	0.1889	0	0	3	0.517	0.9667	1	0	6	1.2493	0.4	0	0	4	0.8319	0.2	0	0	5	0.6737	0.0667	0	0	3	0.361	0.2333	0	0	3	0.5816	0.2222	0	0	3	0.5359	1.4667	1	0	8	1.6639	0.9222	0	0	7	1.4081	0.2556	0	0	3	0.6458	13	2	0	79	19.4336	0.3556	0	0	4	0.6756	0.1111	0	0	3	0.4607	0.0333	0	0	1	0.1805	0.0111	0	0	1	0.1054	82.9444	85.5	4	163	39.1331	149.9556	150.5	16	292	70.1251	2.1556	2	0	13	2.4399	2.8333	2	0	12	2.5975	1.0778	1	0	7	1.4396	0.2111	0	0	3	0.5507	0.4778	0	0	3	0.7822
JHH390_ROI004_ROI_T1.ome.tif	1ac41511-4f29-4266-bbd8-1da67630e98c	Detection		Other	Annotation	Polygon	87.98	99.29	0.6676	48.6444	26.0361	0.9018	1	9.2086	7.0175	3408.8215	3402.5	2973	3751	207.5753	0.2143	0	0	2	0.4987	0.25	0	0	2	0.5853	3.1429	3	0	8	2.3048	0.25	0	0	1	0.441	0.4643	0	0	3	0.7927	9.2857	9	3	18	4.4377	81.9643	82.5	59	102	12.3663	0.1071	0	0	1	0.315	0.1429	0	0	1	0.3563	8.5	8.5	0	22	5.4806	0.5	0	0	4	1.1055	3.8214	3.5	0	11	2.3891	0.2857	0	0	4	0.81	0.5357	0	0	3	0.8381	0.0714	0	0	1	0.2623	0.0714	0	0	2	0.378	0.0357	0	0	1	0.189	0.0714	0	0	2	0.378	0.1429	0	0	2	0.4484	0.0714	0	0	1	0.2623	0.2143	0	0	1	0.4179	0.2143	0	0	2	0.4987	0.4643	0	0	3	0.7445	0	0	0	0	0	0.2143	0	0	1	0.4179	0.1429	0	0	2	0.4484	0.0357	0	0	1	0.189	0	0	0	0	0	0.1071	0	0	1	0.315	0.0357	0	0	1	0.189	0.4643	0	0	3	0.7445	0.1071	0	0	2	0.4163	0.8571	1	0	4	1.044	0.1429	0	0	1	0.3563	0.25	0	0	2	0.5182	0.0357	0	0	1	0.189	0.2143	0	0	1	0.4179	0.3214	0	0	2	0.548	0.7857	0.5	0	6	1.228	0.3571	0	0	4	0.8262	0.1429	0	0	1	0.3563	0.7857	0.5	0	3	0.9567	0.5	0	0	3	0.923	0.0357	0	0	1	0.189	0	0	0	0	0	0	0	0	0	0	70.8214	66.5	25	153	34.0088	134.7857	124.5	52	252	52.3191	1.5	1	0	9	1.8954	3.3929	3	0	11	2.5869	0.8929	1	0	4	0.994	0.25	0	0	1	0.441	0.5	0	0	2	0.7454
JHH390_ROI004_ROI_T1.ome.tif	cdd5d1d1-5ffd-487b-942b-bb901cfb558b	Detection		Other	Annotation	Polygon	99.86	83.13	0.6641	56.455	28.7028	0.8611	1	11.0469	6.8085	3463.3572	3494.5	3129	3666	131.9007	0.1786	0	0	1	0.39	0.1429	0	0	1	0.3563	4.4286	4	1	10	2.6587	0.3929	0	0	3	0.786	0.7857	1	0	2	0.7868	10.25	11	3	16	3.5551	80.7143	82.5	63	99	7.6877	0.2857	0	0	2	0.5345	0.1429	0	0	1	0.3563	9.7857	6	1	40	9.4609	0.6429	0	0	3	1.0616	8.8929	9	0	23	5.7885	0.4643	0	0	3	0.7927	0.2143	0	0	1	0.4179	0	0	0	0	0	0	0	0	0	0	0.1429	0	0	1	0.3563	0.0714	0	0	1	0.2623	0.3214	0	0	4	0.863	0.1071	0	0	1	0.315	0.2143	0	0	2	0.4987	0.0357	0	0	1	0.189	0.4643	0	0	3	0.7445	0	0	0	0	0	0.5357	0	0	4	0.9993	0.3214	0	0	2	0.6696	0.0357	0	0	1	0.189	0.2143	0	0	2	0.4987	0.0714	0	0	1	0.2623	0.0714	0	0	2	0.378	0.3214	0	0	3	0.7228	0.1429	0	0	1	0.3563	1.2143	1	0	3	0.9172	0.3214	0	0	4	0.8189	0.1429	0	0	1	0.3563	0	0	0	0	0	0.1786	0	0	2	0.4756	0.1071	0	0	1	0.315	1.0357	1	0	4	1.0357	0.3214	0	0	2	0.6118	0.1786	0	0	1	0.39	1.1071	1	0	6	1.4231	0.3929	0	0	3	0.786	0.0714	0	0	1	0.2623	0	0	0	0	0	0	0	0	0	0	68.8214	63	8	144	35.7564	123.9286	123	11	231	62.6382	2.4286	2	0	8	2.0625	2.7143	2	0	9	2.4473	1	1	0	5	1.1863	0.1786	0	0	2	0.4756	0.3929	0	0	4	0.8317
JHH390_ROI004_ROI_T1.ome.tif	f99ed9ed-fdab-4c3d-b726-be6c3ef5a134	Detection		Other	Annotation	Polygon	99.53	42.53	0.6583	29.1392	20.2813	0.8902	1	7.0144	5.9278	3465.7334	3463	3169	3773	175.1499	0.2	0	0	2	0.5606	0.5333	0	0	2	0.6399	4.4667	5	0	9	2.5875	0.2667	0	0	2	0.5936	1	1	0	4	1	9.5333	9	4	16	2.9968	74.8	73	53	99	11.0983	0.4667	0	0	3	0.8338	0.2667	0	0	1	0.4577	11	6	3	26	8.1941	0.3333	0	0	2	0.6172	4.5333	2	0	12	4.3731	0.1333	0	0	1	0.3519	0.3333	0	0	1	0.488	0.0667	0	0	1	0.2582	0	0	0	0	0	0.5333	0	0	7	1.8074	0.1333	0	0	1	0.3519	0	0	0	0	0	0.0667	0	0	1	0.2582	0.2667	0	0	2	0.5936	0.1333	0	0	1	0.3519	0	0	0	0	0	0	0	0	0	0	0.2667	0	0	3	0.7988	0.0667	0	0	1	0.2582	0	0	0	0	0	0	0	0	0	0	0.0667	0	0	1	0.2582	0.2667	0	0	1	0.4577	0.6	0	0	5	1.3522	0.1333	0	0	2	0.5164	1.3333	1	0	4	1.1751	0.2	0	0	2	0.5606	0	0	0	0	0	0	0	0	0	0	0.4667	0	0	2	0.6399	0.4	0	0	2	0.7368	0.6	0	0	3	0.9103	0.4	0	0	3	0.8281	0.0667	0	0	1	0.2582	1.2	0	0	6	1.8205	0.1333	0	0	1	0.3519	0.0667	0	0	1	0.2582	0	0	0	0	0	0	0	0	0	0	67.9333	56	24	156	40.0918	116.9333	93	46	303	72.483	2.7333	2	0	7	1.9809	2.0667	2	0	5	1.7915	1	0	0	3	1.3628	0.2667	0	0	3	0.7988	0.8	1	0	2	0.8619
JHH390_ROI004_ROI_T1.ome.tif	50ae186a-b499-4f6d-b5fa-aa89240a15c3	Detection		Other	Annotation	Polygon	99.83	91.73	0.6425	36.6491	22.3949	0.9183	1	7.5567	6.6451	3401.1667	3372	2971	3700	190.679	0.1111	0	0	1	0.3234	0	0	0	0	0	5.4444	5	0	12	2.8122	0.5556	0	0	3	0.8556	0.7222	1	0	2	0.5745	9.4444	9	4	16	3.9141	78.2778	76	64	104	12.3803	0.3333	0	0	1	0.4851	0	0	0	0	0	11.8333	11	2	26	5.8737	0.0556	0	0	1	0.2357	3	2	0	13	3.0098	0	0	0	0	0	0.1111	0	0	1	0.3234	0	0	0	0	0	0.1667	0	0	3	0.7071	0.1111	0	0	1	0.3234	0.0556	0	0	1	0.2357	0.0556	0	0	1	0.2357	0.0556	0	0	1	0.2357	0.2222	0	0	2	0.5483	0.2222	0	0	1	0.4278	0.0556	0	0	1	0.2357	0	0	0	0	0	0.6111	0	0	4	1.195	0.0556	0	0	1	0.2357	0	0	0	0	0	0.0556	0	0	1	0.2357	0.0556	0	0	1	0.2357	0.2222	0	0	2	0.5483	0.1111	0	0	1	0.3234	0	0	0	0	0	0.9444	1	0	3	0.9376	0.1111	0	0	1	0.3234	0.2778	0	0	3	0.7519	0.0556	0	0	1	0.2357	0	0	0	0	0	0.1111	0	0	1	0.3234	0.7222	0	0	2	0.8948	0.1667	0	0	1	0.3835	0.1667	0	0	1	0.3835	0.8333	0	0	3	1.1504	0.0556	0	0	1	0.2357	0.0556	0	0	1	0.2357	0.1111	0	0	2	0.4714	0	0	0	0	0	44.7222	40.5	7	102	24.3982	85.5	71.5	24	193	43.6338	1.1667	0	0	8	2.1489	1.4444	1	0	4	1.3815	0.7778	1	0	4	1.0033	0.2222	0	0	2	0.5483	0.2222	0	0	2	0.5483
JHH390_ROI004_ROI_T1.ome.tif	36db8f6d-9e72-46b1-8e65-2ef75c3a6129	Detection		Other	Annotation	Polygon	66.89	24.99	0.6365	50.3873	26.5007	0.9016	1	9.237	7.8401	3508.3076	3488	3089	4116	185.8709	0.0577	0	0	1	0.2354	0.1731	0	0	2	0.4303	4.9808	4	1	13	3.0646	0.2692	0	0	2	0.4897	1.1923	1	0	7	1.3142	11.3269	11	3	18	3.3532	83.2308	82.5	61	123	12.6237	0.2692	0	0	2	0.4897	0.0962	0	0	2	0.3575	21.4808	19	4	59	12.497	0.4231	0	0	5	0.8932	6.75	5	0	19	5.3902	0.1731	0	0	1	0.382	0.3462	0	0	3	0.6533	0.0962	0	0	1	0.2977	0.0192	0	0	1	0.1387	0.1154	0	0	1	0.3226	0.1346	0	0	2	0.3975	0.0769	0	0	2	0.3341	0.1538	0	0	2	0.4147	0.2308	0	0	2	0.5093	0.1154	0	0	3	0.4709	0.2308	0	0	2	0.4693	0.0577	0	0	2	0.3076	0.3269	0	0	3	0.6484	0.1731	0	0	2	0.4303	0.0769	0	0	1	0.2691	0.0385	0	0	1	0.1942	0	0	0	0	0	0.0962	0	0	2	0.3575	0.1923	0	0	3	0.5254	0.1154	0	0	3	0.4709	1.0577	1	0	6	1.4741	0.1923	0	0	2	0.5254	0.0962	0	0	1	0.2977	0	0	0	0	0	0.2885	0	0	3	0.7232	0.1731	0	0	2	0.4303	0.7692	1	0	4	0.9207	0.1731	0	0	2	0.4303	0.0192	0	0	1	0.1387	1.0769	1	0	5	1.169	0.0769	0	0	1	0.2691	0.0385	0	0	1	0.1942	0	0	0	0	0	0	0	0	0	0	35.1538	33	3	91	18.9099	62.1731	56	12	125	32.8739	2.4808	2	0	10	2.1556	2.1346	2	0	10	2.1696	1	1	0	5	1.1716	0.2692	0	0	3	0.6298	0.75	0	0	7	1.2815
JHH390_ROI004_ROI_T1.ome.tif	668301a3-6ed0-4fde-974e-ad4f430b9164	Detection		Other	Annotation	Polygon	32.11	52.16	0.6271	61.6117	29.4665	0.8917	1	11.0624	8.2515	3457.5806	3457.5	3090	3884	178.1622	0.2419	0	0	2	0.4682	0.1935	0	0	2	0.5383	4.6935	4	0	13	2.6771	0.4032	0	0	3	0.6885	0.7419	0	0	4	0.974	9.8387	9.5	2	19	3.9803	79.8064	79	60	107	10.2635	0.2742	0	0	2	0.5483	0.1129	0	0	1	0.3191	8.9677	7.5	0	26	6.0624	0.8065	0	0	3	1.0376	9.8871	8	1	38	6.8571	0.371	0	0	3	0.6587	0.3548	0	0	3	0.6798	0.0968	0	0	2	0.3488	0.1452	0	0	3	0.5072	0.2258	0	0	2	0.4932	0.0645	0	0	1	0.2477	0.1613	0	0	5	0.7287	0.0645	0	0	1	0.2477	0.1613	0	0	2	0.4506	0.0484	0	0	1	0.2163	0.1129	0	0	2	0.3669	0.0323	0	0	1	0.1781	0.4355	0	0	3	0.6433	0.1129	0	0	2	0.3669	0.0645	0	0	1	0.2477	0.0968	0	0	2	0.3488	0.0323	0	0	1	0.1781	0.1935	0	0	3	0.5961	0.2581	0	0	2	0.5707	0.0161	0	0	1	0.127	0.6935	0	0	4	0.9849	0.1452	0	0	2	0.4378	0.0645	0	0	3	0.3996	0	0	0	0	0	0.2742	0	0	2	0.4848	0.1452	0	0	1	0.3551	0.8871	0	0	5	1.2559	0.4194	0	0	3	0.7366	0.0968	0	0	2	0.3488	0.9032	1	0	5	1.1834	0.3387	0	0	5	0.8287	0.0806	0	0	2	0.3289	0.0161	0	0	1	0.127	0.0323	0	0	1	0.1781	37.5645	37	10	68	14.5045	69.7581	70.5	15	132	27.3266	1.5806	1	0	7	1.8865	2.0484	2	0	10	1.9871	1	1	0	5	1.1594	0.1935	0	0	3	0.568	0.2581	0	0	4	0.6512
JHH390_ROI004_ROI_T1.ome.tif	48801811-1766-41aa-979d-6565a70107f0	Detection		HLA-DR: Other	Annotation	Polygon	99.29	19.29	0.6223	58.5632	31.3919	0.7468	1	12.7976	5.9214	3453.5757	3459	3109	3873	187.3233	0.2121	0	0	2	0.4846	0.0909	0	0	1	0.2919	4.1818	3	0	13	3.206	0.2121	0	0	2	0.4846	1.303	1	0	4	0.9515	9.8788	10	4	19	3.638	80.6364	82	59	103	10.3072	0.303	0	0	2	0.5294	0.3333	0	0	2	0.5401	7.8485	6	0	28	6.9692	0.2424	0	0	2	0.5607	5	5	0	14	3.0208	0.1212	0	0	1	0.3314	0.2424	0	0	1	0.4352	0.0606	0	0	1	0.2423	1.0909	0	0	12	2.4541	0.2121	0	0	2	0.5453	0.0606	0	0	1	0.2423	0.0303	0	0	1	0.1741	0.0606	0	0	1	0.2423	0.4242	0	0	3	0.7513	0	0	0	0	0	0.0909	0	0	1	0.2919	0.0303	0	0	1	0.1741	0.6061	0	0	3	0.8993	0.4242	0	0	2	0.5607	0	0	0	0	0	0.1515	0	0	1	0.3641	0.0909	0	0	1	0.2919	0.1515	0	0	1	0.3641	0.2727	0	0	2	0.5741	0.0909	0	0	1	0.2919	3.6667	3	0	10	2.9011	0.1515	0	0	2	0.4417	0.3636	0	0	5	0.9624	0.0606	0	0	1	0.2423	0.0909	0	0	1	0.2919	0.1818	0	0	2	0.4647	1.2121	0	0	6	1.7277	0.3636	0	0	2	0.699	0.1515	0	0	3	0.5658	8.697	2	0	70	15.082	0.2424	0	0	4	0.7513	0.0606	0	0	1	0.2423	0.0303	0	0	1	0.1741	0	0	0	0	0	95.303	80	29	206	55.983	170.5758	135	63	409	98.9703	1.1818	1	0	4	1.1307	1.697	2	0	5	1.3575	1.5455	1	0	6	1.7156	0.303	0	0	2	0.5855	0.4242	0	0	3	0.7513
JHH390_ROI004_ROI_T1.ome.tif	fb680a0e-2d63-40d9-8fc0-1347fa06583d	Detection		Other	Annotation	Polygon	63.05	58.13	0.6192	52.0679	28.3906	0.8118	1	11.1126	6.0076	3416.5881	3392	3096	3827	167.7069	0.2549	0	0	3	0.5947	0.2157	0	0	1	0.4154	4.3137	4	0	12	2.7385	0.5098	0	0	5	0.946	0.8431	1	0	4	0.9027	9.0588	9	3	16	3.2583	76.5294	76	52	99	10.3872	0.3333	0	0	2	0.5888	0.098	0	0	2	0.3608	10.2745	8	1	40	9.3554	0.2549	0	0	3	0.5947	4.902	4	0	18	3.9408	0.1176	0	0	1	0.3254	0.3333	0	0	6	0.973	0.0588	0	0	1	0.2376	0.0392	0	0	1	0.196	0.1569	0	0	2	0.4636	0.0588	0	0	2	0.3106	0.098	0	0	1	0.3003	0.1765	0	0	2	0.4777	0.3725	0	0	3	0.6312	0.1373	0	0	2	0.401	0.1961	0	0	2	0.5299	0	0	0	0	0	0.3137	0	0	3	0.6779	0.1373	0	0	2	0.401	0	0	0	0	0	0.2353	0	0	3	0.5861	0.0392	0	0	1	0.196	0.2353	0	0	3	0.5861	0.3529	0	0	3	0.658	0.098	0	0	2	0.3608	0.549	0	0	4	0.8789	0.1961	0	0	2	0.4481	0.1961	0	0	3	0.5299	0.0392	0	0	1	0.196	0.0784	0	0	1	0.2715	0.2941	0	0	3	0.7292	0.8235	0	0	5	1.1782	0.3725	0	0	3	0.7473	0.0392	0	0	1	0.196	0.3922	0	0	2	0.6349	0.1961	0	0	2	0.4481	0.0784	0	0	2	0.3921	0.0196	0	0	1	0.14	0.0196	0	0	1	0.14	59.451	63	9	107	25.3064	102.7255	106	20	225	45.9143	1.4314	1	0	7	1.6279	2.549	2	0	9	2.0718	0.6863	0	0	6	1.1223	0.1176	0	0	2	0.3819	0.5686	0	0	4	0.9645
JHH390_ROI004_ROI_T1.ome.tif	c4f61bb0-ebe7-484f-911c-07b936b203c8	Detection		HLA-DR: CAF	Annotation	Polygon	69.75	11.83	0.5854	63.7087	31.9302	0.7852	0.9582	12.0071	7.405	3457.0769	3428	2993	4254	212.5289	0.1231	0	0	1	0.3311	0.1692	0	0	2	0.4531	4.9231	3	1	45	6.0086	0.4462	0	0	3	0.6854	1.2154	1	0	6	1.3862	9.7538	10	3	20	3.7376	77.0615	78	54	104	11.0169	0.2615	0	0	1	0.4429	0.0769	0	0	1	0.2685	21.6154	10	0	125	29.2178	0.3231	0	0	4	0.8122	7.9692	5	0	39	8.5914	0.2	0	0	2	0.5062	0.3846	0	0	3	0.7643	0.0923	0	0	1	0.2917	0.4923	0	0	5	1.0915	0.5538	0	0	21	2.6577	0.1077	0	0	2	0.359	0.1538	0	0	3	0.5371	0.0923	0	0	1	0.2917	0.2154	0	0	2	0.4504	0.2154	0	0	4	0.6248	0.2769	0	0	8	1.0681	0	0	0	0	0	0.7538	0	0	7	1.521	0.2154	0	0	2	0.5446	0.0462	0	0	2	0.2756	0.1231	0	0	3	0.451	0.0769	0	0	2	0.3215	0.2769	0	0	4	0.6252	0.2769	0	0	4	0.6497	0.2462	0	0	3	0.5599	0.8308	0	0	8	1.3413	0.0923	0	0	2	0.3411	0.1538	0	0	1	0.3636	0.0308	0	0	2	0.2481	0.3692	0	0	4	0.7618	0.2615	0	0	2	0.5086	0.5846	0	0	3	0.7266	0.2769	0	0	4	0.6497	0.0923	0	0	2	0.3411	7.8154	2	0	71	14.1442	0.2308	0	0	2	0.5801	0.0462	0	0	1	0.2115	0.0308	0	0	1	0.174	0.0154	0	0	1	0.124	76.9077	72	7	226	48.078	139.6154	127	5	414	85.4173	2.2154	2	0	9	2.0879	3.5231	2	0	17	3.5049	0.8154	1	0	5	1.0442	0.1077	0	0	2	0.359	0.5231	0	0	4	0.8858
JHH390_ROI004_ROI_T1.ome.tif	fc7ab002-7a23-4121-b4b5-c330dc898db1	Detection		Other	Annotation	Polygon	93.28	69.68	0.5841	42.8986	26.6096	0.7613	1	11.2519	5.7536	3486.2092	3511	3038	3874	176.8415	0.0698	0	0	1	0.2578	0.3256	0	0	3	0.6444	3.8372	4	0	12	2.5348	0.3488	0	0	2	0.5725	0.8605	1	0	3	0.915	11.0698	11	4	20	3.725	84.9302	88	51	103	13.5232	0.3721	0	0	3	0.6555	0.1628	0	0	2	0.4326	11.2093	11	2	34	7.4051	0.4651	0	0	3	0.6672	4.7907	5	0	18	3.7769	0.1628	0	0	1	0.3735	0.3488	0	0	3	0.7199	0.093	0	0	1	0.2939	0.0465	0	0	1	0.2131	0.4186	0	0	12	1.8801	0	0	0	0	0	0.1163	0	0	2	0.4477	0.1395	0	0	3	0.5155	0.186	0	0	5	0.7945	0.1395	0	0	1	0.3506	0.1163	0	0	1	0.3244	0	0	0	0	0	0.3023	0	0	4	0.8873	0.4651	0	0	6	1.0768	0	0	0	0	0	0.0233	0	0	1	0.1525	0.0465	0	0	2	0.305	0.186	0	0	3	0.6639	0.4884	0	0	4	0.8556	0.0465	0	0	1	0.2131	0.7209	0	0	6	1.3152	0.3721	0	0	3	0.7245	0.1163	0	0	2	0.3909	0.093	0	0	3	0.4788	0.3953	0	0	9	1.3997	0.2326	0	0	4	0.7184	0.8605	1	0	4	1.0597	0.3488	0	0	3	0.6504	0.0465	0	0	1	0.2131	1.0465	1	0	9	1.6323	0.2093	0	0	3	0.6384	0.093	0	0	3	0.4788	0.0233	0	0	1	0.1525	0	0	0	0	0	92.6047	86	6	200	57.4017	160.6744	147	8	344	98.5513	2.093	2	0	6	2.091	2.6977	2	0	7	1.9583	1.2093	1	0	7	1.3373	0.0698	0	0	1	0.2578	0.3023	0	0	2	0.5578
JHH390_ROI004_ROI_T1.ome.tif	0fd7d282-cc2a-43ca-aeba-648c7decd455	Detection		Other: CAF	Annotation	Polygon	2.419	22.97	0.583	69.4663	31.9937	0.8528	1	12.1607	7.7137	3473.1509	3492	3103	3963	186.5061	0.1698	0	0	3	0.5455	0.1321	0	0	2	0.3941	2.3774	2	0	7	1.8936	0.283	0	0	3	0.6318	1.3208	1	0	6	1.3555	10.9245	11	2	18	3.8772	79.6226	81	53	116	12.6844	0.3962	0	0	2	0.5993	0.1321	0	0	1	0.3418	13.8302	12	1	35	9.5308	1.7736	1	0	9	1.9869	24.3396	22	1	94	17.6286	0.6981	1	0	3	0.749	0.2075	0	0	2	0.532	0.0755	0	0	2	0.331	0.1132	0	0	1	0.3199	0.1321	0	0	2	0.3941	0.0755	0	0	1	0.2667	0.2075	0	0	2	0.4945	0.0943	0	0	3	0.45	0.2642	0	0	4	0.6836	0.1887	0	0	3	0.6219	0.283	0	0	3	0.6615	0.0189	0	0	1	0.1374	0.9057	1	0	5	1.114	1.717	1	0	8	2.1338	0.0377	0	0	1	0.1924	0.2453	0	0	2	0.5853	0.0943	0	0	2	0.3543	0.3585	0	0	3	0.682	0.4528	0	0	2	0.667	0.1321	0	0	2	0.4402	1.9623	1	0	11	2.1835	0.434	0	0	7	1.0471	0.1132	0	0	1	0.3199	0.1132	0	0	1	0.3199	0.3962	0	0	3	0.7163	0.3208	0	0	3	0.7009	1.7925	2	0	5	1.5487	0.5283	0	0	3	0.7747	0.0755	0	0	1	0.2667	1.717	2	0	8	1.5364	0.3396	0	0	2	0.5865	0.1132	0	0	2	0.3752	0	0	0	0	0	0	0	0	0	0	65.4717	66	9	122	27.5036	117.2264	120	15	240	50.8896	3.8491	3	0	17	3.5431	3.2264	2	0	14	2.9719	2.2075	2	0	8	1.9549	0.1321	0	0	2	0.3941	0.5094	0	0	3	0.7499
JHH390_ROI004_ROI_T1.ome.tif	c48add48-a3d3-416c-807d-511dcc000ca8	Detection		Other	Annotation	Polygon	81.79	7.045	0.5674	38.5535	24.0992	0.8342	1	9.3646	5.7805	3469.6428	3458.5	3156	3991	185.3862	0.1429	0	0	1	0.3542	0.2381	0	0	2	0.5323	3.3095	3	0	11	2.7094	0.5714	0	0	5	0.9913	0.8333	0	0	4	1.0801	9.7381	9	4	20	3.4786	78.9524	79	56	103	10.6289	0.2857	0	0	2	0.5537	0.2143	0	0	1	0.4153	9.4048	8.5	0	22	6.1646	0.1429	0	0	2	0.4174	4.1429	4	0	13	3.1357	0.1429	0	0	1	0.3542	0.1905	0	0	2	0.4547	0.0714	0	0	3	0.4629	0.0476	0	0	1	0.2155	0.1429	0	0	5	0.7831	0.0238	0	0	1	0.1543	0.0714	0	0	1	0.2607	0.1429	0	0	2	0.4174	0.2857	0	0	2	0.5537	0.0476	0	0	1	0.2155	0.119	0	0	2	0.3952	0.0476	0	0	1	0.2155	0.2143	0	0	2	0.5196	0.0714	0	0	1	0.2607	0.0238	0	0	1	0.1543	0.1429	0	0	2	0.4174	0.0714	0	0	1	0.2607	0.1429	0	0	2	0.4174	0.1905	0	0	1	0.3974	0.1429	0	0	2	0.4174	2.6905	2	0	7	2.1469	0.1429	0	0	2	0.4174	0.0714	0	0	1	0.2607	0	0	0	0	0	0.0952	0	0	1	0.2971	0.2143	0	0	4	0.682	0.619	0	0	4	0.9094	0.2619	0	0	3	0.5868	0.0714	0	0	1	0.2607	0.7857	0	0	5	1.2003	0.0952	0	0	2	0.3702	0.0476	0	0	1	0.2155	0	0	0	0	0	0.0238	0	0	1	0.1543	65.3571	65.5	10	122	31.54	118.0476	112.5	21	218	56.7798	2.7381	2	0	9	2.1759	2.2857	2	0	10	2.1896	0.8333	1	0	4	0.9606	0.119	0	0	2	0.3952	0.6429	0	0	5	1.0551
JHH390_ROI004_ROI_T1.ome.tif	47fca631-ed38-4d10-883b-61191afc7fe1	Detection		Other	Annotation	Polygon	0.7428	7.592	0.5637	55.7039	30.9509	0.7307	1	12.95	5.4022	3505.3547	3518	3203	3839	153.5508	0.0645	0	0	1	0.2497	0.1613	0	0	1	0.3739	4.8387	4	0	14	3.6887	0.3548	0	0	2	0.6082	0.9032	1	0	5	1.1932	10.3226	9	2	18	4.2142	80.7419	80	64	101	11.6131	0.3871	0	0	3	0.7606	0.1935	0	0	1	0.4016	7.2258	5	0	20	5.56	0.5161	0	0	3	0.8513	5.8387	5	0	15	4.0091	0.1613	0	0	1	0.3739	0.5161	0	0	3	0.8513	0.0323	0	0	1	0.1796	0	0	0	0	0	0.1935	0	0	2	0.4774	0.0645	0	0	2	0.3592	0.129	0	0	1	0.3408	0.1613	0	0	1	0.3739	0.3226	0	0	3	0.6525	0.0645	0	0	1	0.2497	0.0645	0	0	1	0.2497	0	0	0	0	0	0.3226	0	0	2	0.7018	0.2903	0	0	2	0.6426	0	0	0	0	0	0.1613	0	0	3	0.5829	0.0645	0	0	1	0.2497	0.4194	0	0	4	1.0255	0.5161	0	0	2	0.6256	0.2903	0	0	3	0.6925	1.6129	1	0	6	1.764	0.2258	0	0	2	0.4973	0.129	0	0	1	0.3408	0.0323	0	0	1	0.1796	0.2258	0	0	3	0.6688	0.1935	0	0	2	0.4774	1.3871	1	0	6	1.5849	0.3871	0	0	2	0.6672	0.0968	0	0	1	0.3005	0.9677	1	0	5	1.1397	0.3226	0	0	2	0.5408	0	0	0	0	0	0.0645	0	0	1	0.2497	0.0645	0	0	1	0.2497	140.129	146	7	259	74.821	248.9032	250	11	467	132.5278	1.3548	1	0	8	1.7426	2.1613	1	0	13	2.6845	1.7742	1	0	6	1.7646	0.129	0	0	2	0.4275	0.5484	0	0	5	1.2339
JHH390_ROI004_ROI_T1.ome.tif	9af616e8-b1a7-43b9-a0d2-3fec0f2f6d2b	Detection		Other	Annotation	Polygon	63.51	15.26	0.5521	34.3251	26.051	0.6356	0.8391	8.8227	6.6037	3506.3142	3507	3197	3815	137.3049	0.0857	0	0	1	0.284	0.0857	0	0	1	0.284	6.0286	5	0	22	4.7557	0.4857	0	0	2	0.6585	0.9143	1	0	5	1.1212	10.9429	11	4	20	3.819	79.2286	80	57	98	10.7158	0.4	0	0	3	0.6945	0.1143	0	0	1	0.3228	4.1714	3	0	16	3.5932	0.0571	0	0	1	0.2355	3.1429	3	0	8	2.3027	0.1143	0	0	1	0.3228	0.1429	0	0	1	0.355	0.0286	0	0	1	0.169	0.0571	0	0	1	0.2355	0.0857	0	0	1	0.284	0.0286	0	0	1	0.169	0.0286	0	0	1	0.169	0	0	0	0	0	0.2	0	0	1	0.4058	0.3143	0	0	4	0.9632	0.4	0	0	2	0.5531	0.0286	0	0	1	0.169	0.1429	0	0	2	0.43	0.2	0	0	4	0.7593	0.0571	0	0	1	0.2355	0.1143	0	0	2	0.4038	0.0571	0	0	1	0.2355	0.1429	0	0	2	0.43	0.1429	0	0	1	0.355	0.0571	0	0	1	0.2355	0.4571	0	0	2	0.6108	0.0857	0	0	1	0.284	0.0571	0	0	1	0.2355	0.0571	0	0	1	0.2355	0.2286	0	0	1	0.426	0.1429	0	0	4	0.6921	0.4571	0	0	3	0.7005	0.3143	0	0	3	0.6761	0.0286	0	0	1	0.169	2.0857	2	0	9	2.4177	0.1714	0	0	2	0.4528	0.0286	0	0	1	0.169	0	0	0	0	0	0.0286	0	0	1	0.169	46.4	46	11	88	23.6695	85.7714	72	27	192	42.8871	1.2286	1	0	7	1.4968	1.4571	1	0	7	1.5782	0.6571	0	0	3	0.8023	0.1429	0	0	2	0.43	0.8857	0	0	10	1.9966
JHH390_ROI004_ROI_T1.ome.tif	395272a2-0b05-4491-97a7-b1d16c09f278	Detection		Other	Annotation	Polygon	71.07	28.61	0.5327	28.0752	23.0619	0.6633	0.8406	8.0283	5.1487	3499.6785	3482	3183	3797	177.6468	0.3214	0	0	2	0.6696	0.2143	0	0	2	0.4987	4.25	3	0	14	3.4601	0.4286	0	0	3	0.7902	0.8571	1	0	4	1.044	10.6786	10	5	22	4.0005	81.7857	83.5	58	97	11.3541	0.1429	0	0	1	0.3563	0.1429	0	0	2	0.4484	14.75	10.5	1	40	12.5422	0.2857	0	0	2	0.6587	9.5714	9	3	22	4.9772	0.25	0	0	1	0.441	0.0714	0	0	1	0.2623	0.0714	0	0	1	0.2623	0.0714	0	0	2	0.378	0.2143	0	0	2	0.4987	0.1071	0	0	1	0.315	0.1071	0	0	2	0.4163	0.0357	0	0	1	0.189	0.5	0	0	8	1.5516	0.2143	0	0	2	0.4987	0.1786	0	0	2	0.4756	0	0	0	0	0	0.5714	0	0	8	1.5499	0.1786	0	0	2	0.4756	0.0357	0	0	1	0.189	0.0357	0	0	1	0.189	0.1071	0	0	1	0.315	0.5714	0	0	5	1.1362	0.3929	0	0	5	1.0306	0.2857	0	0	3	0.6587	1.1429	1	0	5	1.2084	0.5357	0	0	2	0.6929	0.1786	0	0	1	0.39	0.0714	0	0	1	0.2623	0.2857	0	0	1	0.46	0.25	0	0	2	0.5182	0.6786	1	0	2	0.7228	0.25	0	0	2	0.5853	0.2143	0	0	1	0.4179	2.1071	2	0	7	1.7071	0.4286	0	0	3	0.8357	0.1071	0	0	1	0.315	0.0357	0	0	1	0.189	0.0357	0	0	1	0.189	35.75	37	14	60	13.5964	62.0714	61.5	15	121	28.1161	2.3571	2	0	8	2.1119	2.0357	1.5	0	7	1.6439	0.8929	1	0	5	1.2274	0.3571	0	0	3	0.731	0.4286	0	0	4	0.8357
JHH390_ROI004_ROI_T1.ome.tif	c35a6307-25e2-47ea-81c9-8ab5d9bb8c55	Detection		Other	Annotation	Polygon	62.65	99.69	0.5086	54.3884	28.2355	0.8573	1	10.4516	7.3601	3443.2258	3454	3195	3737	152.5444	0.0968	0	0	2	0.3962	0.2258	0	0	2	0.4973	3.871	3	0	11	2.4865	0.3871	0	0	3	0.8032	1.4194	1	0	8	1.7083	10.8065	11	5	18	3.4777	79.4194	77	64	100	10.9507	0.2903	0	0	2	0.5884	0.0645	0	0	1	0.2497	13.2903	11	0	31	7.381	0.4516	0	0	4	0.8884	10.6452	10	0	25	5.4378	0.2903	0	0	2	0.6426	0.1935	0	0	2	0.4774	0	0	0	0	0	0.0968	0	0	1	0.3005	0.129	0	0	2	0.4275	0.0645	0	0	1	0.2497	0.1935	0	0	1	0.4016	0	0	0	0	0	0.3871	0	0	2	0.6672	0.1613	0	0	2	0.4544	0.4194	0	0	4	0.8475	0.0323	0	0	1	0.1796	0.4516	0	0	4	0.9605	0.0323	0	0	1	0.1796	0.0323	0	0	1	0.1796	0.129	0	0	1	0.3408	0.129	0	0	1	0.3408	0.1935	0	0	2	0.4774	0.4194	0	0	3	0.7648	0.1613	0	0	2	0.4544	1.7419	1	0	8	1.7695	0.2258	0	0	1	0.425	0.1613	0	0	2	0.4544	0.0645	0	0	1	0.2497	0.1935	0	0	1	0.4016	0.0323	0	0	1	0.1796	1.4194	1	0	5	1.3108	0.3871	0	0	1	0.4951	0.0968	0	0	2	0.3962	1.0323	0	0	5	1.5596	0.1935	0	0	1	0.4016	0.0323	0	0	1	0.1796	0	0	0	0	0	0.0323	0	0	1	0.1796	74.5484	79	11	123	27.7763	130.8065	133	33	204	40.4898	3.5161	3	0	10	2.5932	3.0645	3	0	7	1.7877	1.0323	1	0	7	1.4256	0.129	0	0	2	0.4275	0.4194	0	0	2	0.5642
JHH390_ROI004_ROI_T1.ome.tif	b37fbf5d-5842-4338-99c7-bb9c2df1df4e	Detection		Other	Annotation	Polygon	100.34	66.74	0.4967	31.4636	24.7444	0.6458	0.8803	9.68	5.5515	3553	3520.5	3274	3825	154.817	0.0714	0	0	1	0.2673	0.1429	0	0	1	0.3631	3.3571	3	1	7	2.2398	0.6429	0.5	0	3	0.8419	1.0714	0	0	8	2.1291	10.8571	10.5	3	23	4.9901	80.7857	83	61	95	9.8775	0.5	0	0	3	0.9405	0	0	0	0	0	12.5714	11	5	27	6.1233	0.4286	0	0	2	0.7559	4.6429	5.5	1	12	2.977	0	0	0	0	0	0.1429	0	0	1	0.3631	0	0	0	0	0	0.0714	0	0	1	0.2673	0.2143	0	0	1	0.4258	0.0714	0	0	1	0.2673	0.0714	0	0	1	0.2673	0.0714	0	0	1	0.2673	0	0	0	0	0	0	0	0	0	0	0.2857	0	0	3	0.8254	0	0	0	0	0	0.7143	0	0	2	0.9139	0.0714	0	0	1	0.2673	0	0	0	0	0	0.0714	0	0	1	0.2673	0	0	0	0	0	0.2143	0	0	2	0.5789	0.2143	0	0	2	0.5789	0.2143	0	0	1	0.4258	0.1429	0	0	1	0.3631	0.1429	0	0	1	0.3631	0.4286	0	0	2	0.6462	0	0	0	0	0	0.2143	0	0	1	0.4258	0	0	0	0	0	0.8571	0	0	3	1.1673	0.4286	0	0	2	0.6462	0	0	0	0	0	0.5714	0	0	3	0.9376	1.0714	0.5	0	4	1.3848	0.1429	0	0	2	0.5345	0	0	0	0	0	0	0	0	0	0	79.2857	75	8	193	60.8408	140.4286	136	18	352	110.9246	2.1429	2	0	7	1.9945	1.5714	1	0	5	1.6968	1.1429	1	0	5	1.5119	0.2143	0	0	2	0.5789	0.4286	0	0	3	0.8516
JHH390_ROI004_ROI_T1.ome.tif	4c158e92-f614-45e8-bc6c-559cb9727f36	Detection		Other	Annotation	Polygon	36.36	18.82	0.4947	20.9375	17.2841	0.8807	1	6.1333	5.0136	3483	3473	3239	3726	129.8152	0.1579	0	0	1	0.3746	0.0526	0	0	1	0.2294	3.6842	4	0	7	2.3346	0.4211	0	0	2	0.6925	1	1	0	2	0.8165	10.8947	11	5	18	3.1428	85.6842	89	64	106	12.2613	0.4737	0	0	3	0.9643	0.1053	0	0	1	0.3153	5.8947	4	0	24	5.9525	0.5263	0	0	3	0.9048	3.7368	2	0	14	4.4577	0.5789	0	0	3	0.8377	0.5789	0	0	3	0.8377	0.1579	0	0	2	0.5015	0	0	0	0	0	0.1579	0	0	1	0.3746	0	0	0	0	0	0.1053	0	0	1	0.3153	0.0526	0	0	1	0.2294	0	0	0	0	0	0.4211	0	0	1	0.5073	0.1053	0	0	1	0.3153	0	0	0	0	0	2.4211	2	1	8	1.9527	0.1579	0	0	1	0.3746	0	0	0	0	0	0.1053	0	0	1	0.3153	0	0	0	0	0	0.1053	0	0	1	0.3153	0.0526	0	0	1	0.2294	0.1053	0	0	2	0.4588	0.4211	0	0	2	0.607	0.0526	0	0	1	0.2294	0.1579	0	0	1	0.3746	0	0	0	0	0	0.3684	0	0	3	0.7609	1.9474	1	0	9	2.3208	0.9474	1	0	3	1.0788	0.5263	0	0	3	0.7723	0	0	0	0	0	0.7895	0	0	2	0.9177	0.7895	0	0	4	1.1822	0	0	0	0	0	0.0526	0	0	1	0.2294	0	0	0	0	0	55.1053	47	12	109	27.9998	96.3158	90	25	212	51.3204	2.2105	2	0	5	1.5121	3.7368	3	1	9	2.5351	1.1053	1	0	5	1.5597	0.1053	0	0	1	0.3153	0.2105	0	0	1	0.4189
JHH390_ROI004_ROI_T1.ome.tif	2eede447-87c1-42cf-9a61-b819a85e5d56	Detection		Other	Annotation	Polygon	57.13	95.04	0.4931	35.007	25.1364	0.6962	0.9033	9.2431	5.887	3472.6758	3488	2997	3834	189.6079	0.1622	0	0	2	0.4418	0.4054	0	0	5	0.9849	3.5676	3	0	9	2.0889	0.5676	0	0	3	0.8673	0.8649	0	0	5	1.2284	10.5405	10	5	21	3.9271	80	79	55	103	10.6797	0.1081	0	0	1	0.3148	0.2162	0	0	1	0.4173	23.7027	22	10	44	9.1253	0.7027	1	0	3	0.7403	9.9189	8	1	26	6.1164	0.4865	0	0	4	0.9316	0.5135	0	0	4	1.0703	0.027	0	0	1	0.1644	0.2432	0	0	2	0.4947	0.1351	0	0	2	0.4191	0.0811	0	0	1	0.2767	0.1622	0	0	1	0.3737	0.0541	0	0	1	0.2292	0.2703	0	0	2	0.5082	0.1081	0	0	1	0.3148	0.4324	0	0	3	0.7652	0.027	0	0	1	0.1644	0.2703	0	0	2	0.5602	0.2973	0	0	2	0.5199	0.027	0	0	1	0.1644	0.1081	0	0	1	0.3148	0.1081	0	0	1	0.3148	0.1622	0	0	1	0.3737	0.2703	0	0	2	0.6078	0.3514	0	0	3	0.6756	1.7027	1	0	7	1.6975	0.2703	0	0	1	0.4502	0.2162	0	0	1	0.4173	0.027	0	0	1	0.1644	0.4865	0	0	4	0.8035	0.1622	0	0	1	0.3737	1.1081	1	0	4	1.0745	0.4324	0	0	4	0.8347	0.1081	0	0	1	0.3148	3.7838	2	0	19	5.2076	0.2973	0	0	2	0.5199	0.1622	0	0	2	0.4418	0.027	0	0	1	0.1644	0.0811	0	0	1	0.2767	80.9459	78	13	155	33.1302	153.3784	163	37	292	61.5568	3.2703	3	0	6	1.6939	5.9189	5	0	14	3.5775	1.6757	1	0	7	1.7168	0.1081	0	0	1	0.3148	0.4054	0	0	2	0.599
JHH390_ROI004_ROI_T1.ome.tif	2af0976f-f743-47c7-8f7d-dd3796db3fad	Detection		Other	Annotation	Polygon	81.2	99.67	0.4768	19.9964	17.2441	0.845	1	6.2408	4.799	3407.3333	3470.5	3070	3705	195.808	0	0	0	0	0	0.0833	0	0	1	0.2887	4.25	4	1	15	3.8406	0.4167	0	0	1	0.5149	0.6667	0.5	0	3	0.8876	10.3333	10	5	18	4.1851	80.1667	81.5	65	94	10.6586	0.3333	0	0	2	0.6513	0.1667	0	0	1	0.3892	14.1667	11.5	1	39	11.7847	0.1667	0	0	1	0.3892	4.0833	4	1	6	1.6214	0.5	0	0	4	1.1677	0.25	0	0	1	0.4523	0	0	0	0	0	0	0	0	0	0	0	0	0	0	0	0.0833	0	0	1	0.2887	0.0833	0	0	1	0.2887	0.0833	0	0	1	0.2887	0	0	0	0	0	0.1667	0	0	1	0.3892	0.25	0	0	2	0.6216	0	0	0	0	0	0.25	0	0	1	0.4523	0.5	0	0	2	0.7977	0	0	0	0	0	0	0	0	0	0	0.1667	0	0	1	0.3892	0.3333	0	0	2	0.6513	0.3333	0	0	3	0.8876	0.0833	0	0	1	0.2887	0.4167	0	0	3	0.9003	0.25	0	0	3	0.866	0.0833	0	0	1	0.2887	0	0	0	0	0	0.25	0	0	1	0.4523	0.3333	0	0	2	0.6513	0.5833	0	0	2	0.9003	0.25	0	0	1	0.4523	0	0	0	0	0	0.5833	0	0	2	0.793	0.25	0	0	1	0.4523	0	0	0	0	0	0	0	0	0	0	0.0833	0	0	1	0.2887	52.5833	49.5	31	104	19.3553	96.5	97	56	143	29.7612	1.5833	1	0	5	1.8809	3.5	3	0	11	3.1189	1.6667	1	0	5	1.7233	0.0833	0	0	1	0.2887	0.5833	0	0	3	0.9962
JHH390_ROI004_ROI_T1.ome.tif	34c93067-8f08-4649-b366-c415a52d28a0	Detection		Other	Annotation	Polygon	26.46	37.58	0.4658	34.2145	27.3487	0.5748	0.9065	10.1569	4.9269	3507.5151	3518	3138	3935	185.5883	0.0909	0	0	1	0.2919	0.2424	0	0	1	0.4352	6.1515	6	1	14	2.9908	0.6364	0	0	3	0.8951	0.9394	1	0	5	1.171	10.8485	11	3	18	3.9141	79.4545	80	60	101	12.5402	0.2424	0	0	2	0.5019	0.1818	0	0	2	0.4647	13.6364	12	3	46	9.3201	0.6364	0	0	4	1.0252	4.8485	4	0	13	3.2703	0.2424	0	0	2	0.6139	0.0909	0	0	1	0.2919	0	0	0	0	0	0	0	0	0	0	0.0909	0	0	1	0.2919	0.1818	0	0	1	0.3917	0.0606	0	0	1	0.2423	0.1515	0	0	1	0.3641	0.2424	0	0	2	0.5607	0.1818	0	0	4	0.7269	0	0	0	0	0	0.0303	0	0	1	0.1741	0.2424	0	0	2	0.5019	0.1212	0	0	2	0.4151	0	0	0	0	0	0.0606	0	0	2	0.3482	0.0606	0	0	1	0.2423	0.0606	0	0	1	0.2423	0.3333	0	0	2	0.5951	0.0303	0	0	1	0.1741	1.8485	2	0	7	1.7342	0.0606	0	0	1	0.2423	0.2121	0	0	4	0.7398	0.1212	0	0	2	0.4846	0.2424	0	0	2	0.5019	0.2121	0	0	3	0.6499	0.9394	1	0	3	0.8269	0.303	0	0	2	0.5294	0.1212	0	0	2	0.4151	0.3939	0	0	2	0.7044	0.3333	0	0	2	0.5401	0	0	0	0	0	0	0	0	0	0	0	0	0	0	0	65.3939	72	14	120	27.9083	123.1212	132	34	209	50.844	1.3939	1	0	7	1.56	2.7879	3	0	7	1.7635	0.9091	1	0	4	1.1282	0.1515	0	0	3	0.5658	0.4545	0	0	4	1.0028
JHH390_ROI004_ROI_T1.ome.tif	bb491d54-d406-4287-838f-884f10726eaa	Detection		Other	Annotation	Polygon	71.27	0.1114	0.4632	50.2792	27.3246	0.8462	1	9.6962	7.6443	3565.3076	3596	3207	3850	155.6169	0.0769	0	0	1	0.2717	0.1154	0	0	1	0.3258	6.2692	5	0	17	4.304	0.6538	0.5	0	3	0.7971	0.9231	0	0	5	1.3243	9.8846	9.5	3	19	3.3862	83.8077	82	67	106	10.8996	0.3462	0	0	1	0.4852	0.2308	0	0	1	0.4297	7.3077	5.5	0	19	6.2787	0.2692	0	0	5	1.0023	4.3846	2	0	14	4.2622	0.3462	0	0	5	1.0561	0.1154	0	0	2	0.4315	0.0385	0	0	1	0.1961	0.0385	0	0	1	0.1961	0.1538	0	0	1	0.3679	0.1538	0	0	2	0.4641	0.1538	0	0	2	0.4641	0.0769	0	0	1	0.2717	0.1154	0	0	1	0.3258	0.1154	0	0	2	0.4315	0.1154	0	0	2	0.4315	0	0	0	0	0	0.2692	0	0	2	0.6038	0.2692	0	0	1	0.4523	0	0	0	0	0	0.0385	0	0	1	0.1961	0	0	0	0	0	0.1538	0	0	3	0.6127	0.3846	0	0	5	1.0612	0.1923	0	0	2	0.4915	0.5	0	0	2	0.6481	0.1154	0	0	1	0.3258	0.1154	0	0	2	0.4315	0.0769	0	0	1	0.2717	0.0385	0	0	1	0.1961	0.1154	0	0	2	0.4315	0.5769	0	0	2	0.7575	0.2308	0	0	3	0.7104	0.0769	0	0	1	0.2717	0.3462	0	0	3	0.8458	0.0385	0	0	1	0.1961	0.0769	0	0	1	0.2717	0.0385	0	0	1	0.1961	0	0	0	0	0	53.9231	50	16	121	27.8394	91.6923	85.5	17	195	49.4326	1.8077	2	0	5	1.6005	2.1154	2	0	5	1.728	0.9615	1	0	3	1.0385	0.1538	0	0	3	0.6127	0.4615	0	0	2	0.7606
JHH390_ROI004_ROI_T1.ome.tif	e5eb7172-7de4-468b-9f94-a45a8a000df8	Detection		Other: CD4 T cell	Annotation	Polygon	53.22	65.52	0.4552	20.8055	17.6461	0.8396	1	6.1444	4.6941	3442.4285	3414	3092	3756	169.2707	0.4286	0	0	3	0.8106	0.2381	0	0	2	0.539	4.6667	4	0	9	2.7988	0.2857	0	0	1	0.4629	0.9524	1	0	3	0.9207	9.5714	10	3	18	3.9188	81.0952	78	68	95	8.7915	0.2381	0	0	1	0.4364	0.0952	0	0	1	0.3008	15	12	4	37	9.5864	0.619	0	0	2	0.8047	3.619	3	0	10	3.0574	1	1	0	2	0.8367	1.619	1	0	7	1.8296	0.1429	0	0	2	0.4781	0.0952	0	0	1	0.3008	0.1429	0	0	1	0.3586	0.0476	0	0	1	0.2182	0.0952	0	0	1	0.3008	0.0952	0	0	1	0.3008	0.0952	0	0	1	0.3008	0.0952	0	0	1	0.3008	0.2381	0	0	2	0.539	0.0952	0	0	2	0.4364	5.0476	5	0	14	3.7347	0.2381	0	0	2	0.539	0	0	0	0	0	0.0952	0	0	1	0.3008	0.0476	0	0	1	0.2182	0	0	0	0	0	0.5714	0	0	5	1.165	0.2381	0	0	2	0.539	0.2857	0	0	2	0.6437	0.1429	0	0	2	0.4781	0.1905	0	0	2	0.5118	0.1429	0	0	1	0.3586	0.2381	0	0	1	0.4364	3.8571	4	0	8	2.6886	1.0476	1	0	4	1.2836	0.2857	0	0	1	0.4629	0.2381	0	0	3	0.7684	0.5714	0	0	7	1.5675	0.1429	0	0	1	0.3586	0	0	0	0	0	0	0	0	0	0	0	0	0	0	0	57.3333	68	16	118	27.1649	102.3333	105	25	198	42.481	2.0952	1	0	14	2.9817	5.2381	5	2	10	2.0225	1.381	1	0	6	1.5645	0.381	0	0	2	0.669	0.4286	0	0	3	0.8701
JHH390_ROI004_ROI_T1.ome.tif	f80101f9-dcdc-46dc-b4f2-b2c91904013c	Detection		HLA-DR: Other	Annotation	Polygon	47.55	87.58	0.438	42.4909	26.6135	0.7539	1	10.8821	5.5039	3482.3333	3469	3244	3945	170.0209	0.1667	0	0	2	0.4371	0.1667	0	0	1	0.3772	4.4048	4.5	0	11	2.1534	0.3333	0	0	3	0.6867	1.5476	1	0	6	1.5174	10.3571	10.5	2	21	4.6843	79.8095	76.5	54	107	12.162	0.2143	0	0	1	0.4153	0.1667	0	0	3	0.5372	19.8095	20	1	41	10.5697	0.5238	0	0	6	1.0415	6.9524	5.5	0	20	5.3872	0.4286	0	0	4	0.9408	0.3571	0	0	4	0.8211	0.1429	0	0	3	0.5213	0.2857	0	0	3	0.673	0.2381	0	0	2	0.5763	0.0714	0	0	1	0.2607	0.1905	0	0	2	0.4547	0.1429	0	0	2	0.4174	0.5238	0	0	3	0.917	0.0476	0	0	1	0.2155	0.2619	0	0	3	0.6648	0.0476	0	0	1	0.2155	0.5	0	0	4	0.804	0.3333	0	0	3	0.6502	0.0238	0	0	1	0.1543	0.119	0	0	1	0.3278	0.0952	0	0	1	0.2971	0.1429	0	0	1	0.3542	0.2143	0	0	2	0.5196	0.1429	0	0	1	0.3542	0.7381	0.5	0	4	0.9386	0.3333	0	0	2	0.5703	0.2619	0	0	2	0.5437	0	0	0	0	0	0.381	0	0	3	0.6968	0.1429	0	0	1	0.3542	1.3095	1	0	6	1.3702	0.381	0	0	3	0.6968	0.1905	0	0	3	0.5516	21.4524	18.5	0	63	16.9089	0.4048	0	0	4	0.9386	0.0952	0	0	1	0.2971	0.0238	0	0	1	0.1543	0.0238	0	0	1	0.1543	64.2143	61	21	122	20.5397	113.9286	111.5	44	186	33.4149	4.1667	4	0	12	2.9789	3.8333	3	0	10	2.6032	1.5	1	0	5	1.348	0.1905	0	0	2	0.5055	0.3333	0	0	3	0.6115
JHH390_ROI004_ROI_T1.ome.tif	e3ca6305-2300-4fd4-ae87-a7c4401a06a1	Detection		HLA-DR: Other	Annotation	Polygon	51.28	94.05	0.4211	25.5409	19.8404	0.8154	1	7.9258	4.5395	3431.4167	3452	3056	3681	151.4991	0.0417	0	0	1	0.2041	0.25	0	0	1	0.4423	3.625	3	1	10	2.4815	0.375	0	0	2	0.6469	1.6667	1	0	7	1.7362	9.8333	12	3	15	3.7378	80	78	64	104	9.3064	0.25	0	0	2	0.5316	0.2083	0	0	2	0.509	14.2917	14.5	5	26	6.1537	0.5833	0	0	3	0.9743	10.5	9.5	0	20	5.9198	0.375	0	0	2	0.5758	0.625	0	0	3	0.8242	0.0833	0	0	1	0.2823	0.2083	0	0	1	0.4149	0.4167	0	0	2	0.6539	0.25	0	0	5	1.0321	0.0417	0	0	1	0.2041	0.0417	0	0	1	0.2041	0.5	0	0	2	0.7802	0.125	0	0	2	0.4484	0.25	0	0	2	0.5316	0	0	0	0	0	0.875	1	0	3	0.9918	0.1667	0	0	2	0.4815	0.0417	0	0	1	0.2041	0.2083	0	0	1	0.4149	0.0833	0	0	2	0.4082	0.125	0	0	1	0.3378	0.5	0	0	3	0.7802	0.0833	0	0	1	0.2823	2.2917	2	0	7	2.0532	0.2917	0	0	2	0.55	0.125	0	0	1	0.3378	0	0	0	0	0	0.4167	0	0	2	0.6539	0.2917	0	0	2	0.55	1.8333	1	0	5	1.633	0.2917	0	0	2	0.55	0.3333	0	0	2	0.637	16.5	9.5	0	84	20.0759	0.25	0	0	2	0.5316	0.0833	0	0	1	0.2823	0.0417	0	0	1	0.2041	0.0417	0	0	1	0.2041	62.8333	62	33	102	17.8147	115.2083	115	51	164	32.8037	4.4167	4	0	15	3.0775	3	2	0	9	2.5538	1.875	1	0	7	2.1123	0.3333	0	0	3	0.7614	0.5	0	0	3	0.7802
JHH390_ROI004_ROI_T1.ome.tif	15ffe102-6577-4797-9f4c-893682403476	Detection		HLA-DR: Other	Annotation	Polygon	19.68	79.89	0.3993	24.5527	21.5084	0.667	0.9108	8.5089	4.7908	3440.0833	3420	3104	3742	164.7393	0.2083	0	0	1	0.4149	0.2083	0	0	1	0.4149	4.4583	4	0	10	2.9632	0.4583	0	0	2	0.5882	1.7083	1	0	9	2.0743	9.75	10	1	17	4.078	83	85	57	101	11.7621	0.4167	0	0	2	0.6539	0.125	0	0	1	0.3378	13.9583	12	6	30	6.6495	0.375	0	0	2	0.6469	13.7083	10	1	45	11.5174	0.5833	0.5	0	2	0.6539	0.2083	0	0	2	0.5882	0.125	0	0	1	0.3378	1.3333	1	0	6	1.3726	0.375	0	0	3	0.7697	0.0833	0	0	1	0.2823	0.25	0	0	2	0.5316	0.0417	0	0	1	0.2041	0.7083	0.5	0	4	0.9546	0.1667	0	0	1	0.3807	0.4167	0	0	2	0.6539	0	0	0	0	0	1.4167	0	0	9	2.3575	0.2083	0	0	1	0.4149	0	0	0	0	0	0.2917	0	0	3	0.7506	0.125	0	0	1	0.3378	0.2917	0	0	1	0.4643	0.25	0	0	2	0.5316	0.4167	0	0	2	0.6539	0.8333	1	0	3	0.8681	0.5833	0	0	6	1.3486	0.2083	0	0	1	0.4149	0.125	0	0	1	0.3378	0.4167	0	0	3	0.7755	0.2917	0	0	2	0.6241	2	2	0	6	1.4446	0.8333	0.5	0	5	1.2039	0.0833	0	0	1	0.2823	35.4583	35.5	2	81	24.0597	0.4583	0	0	6	1.2847	0.25	0	0	2	0.5316	0.0417	0	0	1	0.2041	0	0	0	0	0	75.5833	71	32	199	33.513	128.6667	114	70	293	51.3553	3.7083	4	1	7	1.6806	2.9167	2.5	0	8	2.3759	1.375	1	0	4	1.1726	0.125	0	0	2	0.4484	0.5417	0	0	2	0.658
JHH390_ROI004_ROI_T1.ome.tif	156d45bf-003a-4add-8d7b-3c636bcd696b	Detection		Other	Annotation	Polygon	44.92	99.55	0.3571	26.5719	20.0544	0.8303	1	7.572	5.2796	3364.647	3376	2902	3615	195.7492	0.1176	0	0	1	0.3321	0.1176	0	0	1	0.3321	4.5294	5	0	11	2.7184	0.2353	0	0	1	0.4372	0.9412	1	0	3	0.9663	10.8235	11	5	16	3.1072	78.4118	80	55	97	10.3686	0.5294	0	0	2	0.6243	0.0588	0	0	1	0.2425	8.8824	7	1	27	6.9631	0.4118	0	0	2	0.6183	6.6471	6	2	14	2.9568	0.0588	0	0	1	0.2425	0.1765	0	0	2	0.5286	0	0	0	0	0	0	0	0	0	0	0	0	0	0	0	0.1176	0	0	1	0.3321	0.0588	0	0	1	0.2425	0	0	0	0	0	0.5294	0	0	2	0.7174	0.1176	0	0	1	0.3321	0.4118	0	0	3	0.8703	0	0	0	0	0	0.1765	0	0	1	0.393	0.1176	0	0	1	0.3321	0.1176	0	0	1	0.3321	0	0	0	0	0	0.0588	0	0	1	0.2425	0.3529	0	0	3	0.7859	0.5294	0	0	2	0.7998	0.0588	0	0	1	0.2425	0.7059	1	0	2	0.7717	0.0588	0	0	1	0.2425	0.1176	0	0	1	0.3321	0.0588	0	0	1	0.2425	0.1765	0	0	1	0.393	0.2353	0	0	1	0.4372	0.8235	1	0	2	0.7276	0.6471	0	0	3	1.0572	0.1176	0	0	1	0.3321	8.2353	8	0	21	6.4665	0.1765	0	0	1	0.393	0.0588	0	0	1	0.2425	0	0	0	0	0	0	0	0	0	0	39.1765	38	7	89	23.1847	73.8824	68	21	153	41.3429	2.1176	2	0	4	1.269	2	2	0	4	1.6202	1.5882	1	0	6	1.6225	0.1765	0	0	2	0.5286	0.2353	0	0	1	0.4372
JHH390_ROI004_ROI_T1.ome.tif	cb163d47-597c-4f1c-9161-6412347eb3c3	Detection		Other	Annotation	Polygon	42.09	82.45	0.3118	19.9597	18.6959	0.7176	1	6.9137	5.1347	3396.7368	3416	3151	3694	127.6775	0.1579	0	0	1	0.3746	0.0526	0	0	1	0.2294	7.3684	6	1	16	3.989	0.4737	0	0	2	0.6967	1.4211	1	0	6	1.5024	10.7368	8	5	22	5.2793	82.4211	78	74	101	7.848	0.2105	0	0	1	0.4189	0.1053	0	0	1	0.3153	12.1053	9	3	29	7.9575	0.3684	0	0	3	0.8307	3.1053	3	0	7	2.2084	0.1579	0	0	1	0.3746	0.1053	0	0	2	0.4588	0.0526	0	0	1	0.2294	0.0526	0	0	1	0.2294	0.2632	0	0	2	0.562	0.0526	0	0	1	0.2294	0.2105	0	0	3	0.7133	0.1579	0	0	1	0.3746	0.1053	0	0	1	0.3153	0	0	0	0	0	0.2105	0	0	2	0.5353	0	0	0	0	0	0.2632	0	0	2	0.6534	0.1053	0	0	1	0.3153	0.0526	0	0	1	0.2294	0.1053	0	0	1	0.3153	0	0	0	0	0	0.2632	0	0	3	0.7335	0.0526	0	0	1	0.2294	0.2632	0	0	2	0.562	0.8947	0	0	3	1.1002	0.3158	0	0	3	0.7493	0	0	0	0	0	0	0	0	0	0	0.1053	0	0	1	0.3153	0.1053	0	0	1	0.3153	1.5263	1	0	5	1.5409	0.4211	0	0	1	0.5073	0.1053	0	0	1	0.3153	1.5789	1	0	8	1.924	0.2632	0	0	1	0.4524	0	0	0	0	0	0	0	0	0	0	0	0	0	0	0	45.8421	41	16	97	20.6512	76.7895	72	24	132	28.0982	2.7368	3	0	6	1.6614	2.1579	2	0	6	1.7083	1	1	0	3	1	0.2632	0	0	1	0.4524	0.3684	0	0	2	0.5973
JHH390_ROI004_ROI_T1.ome.tif	f3fbc538-71ae-4955-b78e-ffe66a26f856	Detection		Other	Annotation	Polygon	37.75	79.16	0.2554	23.8907	21.2063	0.6676	0.8859	8.4172	4.879	3487.7307	3497.5	3168	3845	176.4332	0.1154	0	0	1	0.3258	0.1538	0	0	1	0.3679	7.6154	7.5	1	15	4.355	0.7308	0	0	5	1.1509	1	1	0	4	1.0198	10.3846	10.5	1	17	4.3088	78.6154	78.5	59	98	9.9522	0.3846	0	0	2	0.5711	0.0769	0	0	1	0.2717	8.2308	8	0	15	4.537	0.1923	0	0	2	0.4915	3.8077	3	0	10	2.8568	0.1538	0	0	2	0.4641	0.0385	0	0	1	0.1961	0	0	0	0	0	0.0385	0	0	1	0.1961	0.1923	0	0	1	0.4019	0.0385	0	0	1	0.1961	0.0769	0	0	1	0.2717	0.0385	0	0	1	0.1961	0.0385	0	0	1	0.1961	0.1923	0	0	2	0.4915	0.2308	0	0	2	0.5144	0	0	0	0	0	0	0	0	0	0	0.1154	0	0	1	0.3258	0	0	0	0	0	0.0385	0	0	1	0.1961	0.0385	0	0	1	0.1961	0.1923	0	0	2	0.567	0.0769	0	0	1	0.2717	0.1538	0	0	1	0.3679	0.6154	0.5	0	2	0.6972	0.1154	0	0	1	0.3258	0.3077	0	0	5	1.0107	0	0	0	0	0	0	0	0	0	0	0.0769	0	0	2	0.3922	0.8077	0.5	0	4	1.059	0.1538	0	0	2	0.4641	0.1923	0	0	2	0.4915	1.1154	0.5	0	4	1.3661	0.5385	0	0	5	1.067	0	0	0	0	0	0	0	0	0	0	0	0	0	0	0	32.7308	33.5	19	52	8.9736	56.3846	54.5	27	110	18.3719	2.2308	1	0	6	1.9861	2.8462	2	0	11	2.7813	0.8462	1	0	3	0.9672	0.1154	0	0	1	0.3258	0.4231	0	0	4	0.9868
JHH390_ROI004_ROI_T1.ome.tif	964caf96-9ad0-496f-9ed6-2ee7dcf2a5fd	Detection		Other	Annotation	Polygon	38.55	54.58	0.2469	40.0422	30.0241	0.5582	0.7862	10.1399	7.5023	3477.1462	3455	3092	3886	171.8662	0.1951	0	0	3	0.5577	0.0976	0	0	1	0.3004	6.122	5	1	23	3.8092	0.4634	0	0	2	0.6744	0.7317	1	0	3	0.807	10.7805	11	3	19	3.8504	82.1951	82	61	104	11.3517	0.3659	0	0	2	0.6617	0.1463	0	0	1	0.3578	8.4146	7	0	24	5.7792	0.6829	0	0	4	0.9338	5.8537	4	1	22	4.6182	0.4146	0	0	6	1.1396	0.0976	0	0	1	0.3004	0.0244	0	0	1	0.1562	0.0732	0	0	2	0.3457	0.122	0	0	1	0.3313	0.0976	0	0	1	0.3004	0.0488	0	0	1	0.2181	0.1707	0	0	3	0.5433	0.1463	0	0	1	0.3578	0.0732	0	0	2	0.3457	0.0976	0	0	1	0.3004	0	0	0	0	0	0.561	0	0	5	1.1191	0.1463	0	0	2	0.4775	0	0	0	0	0	0.0244	0	0	1	0.1562	0.122	0	0	2	0.3997	0.2927	0	0	3	0.6798	0.2683	0	0	3	0.708	0.0976	0	0	2	0.3745	0.6585	0	0	3	0.8835	0.1707	0	0	2	0.4417	0.1463	0	0	2	0.422	0.0244	0	0	1	0.1562	0.1707	0	0	2	0.4951	0.1951	0	0	4	0.7148	0.7561	0	0	7	1.3744	0.3415	0	0	4	0.8547	0.0244	0	0	1	0.1562	0.9512	0	0	6	1.5322	0.122	0	0	3	0.5097	0	0	0	0	0	0	0	0	0	0	0.0244	0	0	1	0.1562	25.9512	23	11	56	9.836	47.878	46	20	83	18.5569	1.2927	1	0	11	1.8741	2.4634	2	0	8	2.0384	0.8537	0	0	7	1.4064	0.2439	0	0	2	0.4889	0.122	0	0	1	0.3313
JHH390_ROI004_ROI_T1.ome.tif	6d9449a7-e986-4363-9b7a-fa500830b345	Detection		Other	Annotation	Polygon	76.56	83.87	0.2366	20.4894	17.0541	0.8853	1	6.0362	4.9356	3370.6843	3385	3110	3650	153.9268	0	0	0	0	0	0.0526	0	0	1	0.2294	5.7368	6	1	14	3.3473	0.3684	0	0	2	0.5973	1.3684	1	0	4	0.9551	10	10	3	18	4.3461	78.4211	80	54	97	11.7536	0.2105	0	0	1	0.4189	0.2632	0	0	3	0.8057	14.8421	14	5	38	7.9111	0.2632	0	0	2	0.562	7.2105	5	1	25	6.8765	0.3684	0	0	3	0.7609	0.0526	0	0	1	0.2294	0	0	0	0	0	0	0	0	0	0	0.0526	0	0	1	0.2294	0	0	0	0	0	0.0526	0	0	1	0.2294	0	0	0	0	0	0.2105	0	0	2	0.5353	0.0526	0	0	1	0.2294	0.4211	0	0	7	1.6095	0	0	0	0	0	0.4737	0	0	3	0.9643	0.1579	0	0	2	0.5015	0.1053	0	0	2	0.4588	0.2632	0	0	3	0.7335	0.0526	0	0	1	0.2294	0.3158	0	0	3	0.7493	0.1053	0	0	1	0.3153	0.1053	0	0	1	0.3153	0.3158	0	0	2	0.5824	0.3158	0	0	2	0.5824	0.2105	0	0	1	0.4189	0	0	0	0	0	0.3158	0	0	1	0.4776	0.1579	0	0	2	0.5015	0.7895	0	0	5	1.3157	0.2632	0	0	2	0.6534	0.1053	0	0	1	0.3153	0.3684	0	0	3	0.8307	0	0	0	0	0	0.0526	0	0	1	0.2294	0	0	0	0	0	0	0	0	0	0	18.8421	17	4	44	10.6888	32.1579	34	2	59	15.8964	1.6842	1	0	7	1.9164	1.6842	1	0	6	1.7967	0.5263	0	0	4	0.9643	0.1053	0	0	1	0.3153	0.4211	0	0	2	0.607
JHH390_ROI004_ROI_T1.ome.tif	984238ab-d132-4ce3-b31e-ee3240d6b1ce	Detection		HLA-DR: Other	Annotation	Polygon	-0.4879	61.55	0.229	29.0103	23.7988	0.6437	0.8844	9.3601	5.2983	3530.1538	3608	3262	3854	189.5257	0.2308	0	0	1	0.4385	0.2308	0	0	1	0.4385	8.9231	8	2	14	4.1122	0.6923	0	0	3	1.0316	1.3846	2	0	3	1.0439	11.3077	11	3	18	3.6144	78.3077	76	60	103	10.7965	0.3846	0	0	2	0.6504	0.0769	0	0	1	0.2774	7	5	1	18	5.0498	0.7692	0	0	6	1.6909	8.3846	7	3	17	5.0421	0.0769	0	0	1	0.2774	0.1538	0	0	1	0.3755	0	0	0	0	0	0.7692	0	0	3	1.0919	0.0769	0	0	1	0.2774	0	0	0	0	0	0.0769	0	0	1	0.2774	0.0769	0	0	1	0.2774	0.3077	0	0	2	0.6304	0.1538	0	0	1	0.3755	0.5385	0	0	2	0.6602	0	0	0	0	0	0.8462	0	0	5	1.4632	0.3846	0	0	2	0.6504	0.1538	0	0	1	0.3755	0.2308	0	0	3	0.8321	0.1538	0	0	1	0.3755	0.5385	0	0	2	0.6602	0.3846	0	0	1	0.5064	0.0769	0	0	1	0.2774	0.4615	0	0	2	0.7763	0.0769	0	0	1	0.2774	0.0769	0	0	1	0.2774	0	0	0	0	0	0.0769	0	0	1	0.2774	0.2308	0	0	2	0.5991	2.1538	2	0	7	2.1926	0.6154	0	0	3	0.9608	0.2308	0	0	2	0.5991	12.3077	3	0	59	20.0391	0.6923	0	0	4	1.3156	0.0769	0	0	1	0.2774	0	0	0	0	0	0	0	0	0	0	36	40	11	69	20.8966	63.3077	61	19	134	36.7523	2.2308	1	0	11	3.5626	4.1538	4	0	9	2.9111	1.1538	1	0	4	1.281	0.1538	0	0	1	0.3755	0.6154	0	0	3	0.8697
JHH390_ROI004_ROI_T1.ome.tif	ea277f47-e77b-47b1-a28f-1795b0b3fabf	Detection		HLA-DR: Other	Annotation	Polygon	78.69	23.32	0.1459	25.6777	19.1183	0.8828	1	6.5519	5.2784	3517.8401	3519	3062	3816	170.8978	0.32	0	0	2	0.6272	0.32	0	0	1	0.4761	2.88	3	0	8	2.0478	0.48	0	0	3	0.7141	1.48	2	0	4	1.2623	10.28	10	2	21	3.6346	79.32	78	65	103	9.56	0.28	0	0	2	0.5416	0.16	0	0	1	0.3742	2.76	2	0	10	2.3678	0.2	0	0	2	0.5	3.64	2	0	12	3.2388	0.28	0	0	2	0.6137	0.12	0	0	1	0.3317	0.08	0	0	1	0.2769	0.32	0	0	2	0.5568	0.04	0	0	1	0.2	0.08	0	0	1	0.2769	0.04	0	0	1	0.2	0.08	0	0	1	0.2769	0.2	0	0	3	0.6455	0	0	0	0	0	0.04	0	0	1	0.2	0	0	0	0	0	0.72	0	0	5	1.2754	0.04	0	0	1	0.2	0	0	0	0	0	0.08	0	0	2	0.4	0.12	0	0	3	0.6	0.08	0	0	1	0.2769	0.2	0	0	3	0.6455	0.12	0	0	1	0.3317	0.12	0	0	1	0.3317	0.36	0	0	6	1.2207	0.2	0	0	2	0.5	0.08	0	0	1	0.2769	0.04	0	0	1	0.2	0.2	0	0	3	0.6455	0.24	0	0	2	0.5228	0.32	0	0	2	0.5568	0.04	0	0	1	0.2	14.04	13	0	41	12.6737	0.12	0	0	2	0.4397	0	0	0	0	0	0	0	0	0	0	0	0	0	0	0	16.12	13	2	52	12.2757	27.84	19	10	91	20.2704	2.08	1	0	11	2.4651	1.76	1	0	7	1.7388	0.76	0	0	4	1.052	0.16	0	0	1	0.3742	0.96	0	0	5	1.4283
JHH390_ROI004_ROI_T1.ome.tif	37b41227-55dd-4208-a49c-92ad14bef238	Detection		Other	Annotation	Polygon	50.16	99.71	0.0811	25.5177	21.6877	0.6817	0.8886	7.0162	5.7875	3398.0715	3398	3160	3589	114.0192	0.1429	0	0	1	0.3631	0.1429	0	0	2	0.5345	6.6429	6	3	13	3.1035	0.6429	1	0	2	0.6333	1.2857	1	0	4	1.1387	11	12	6	15	3.0884	79.6429	80.5	64	97	9.2537	0.2857	0	0	1	0.4688	0.2143	0	0	1	0.4258	9.2143	8	3	29	6.5184	0.2143	0	0	2	0.5789	5.5	6	0	10	3.0571	0.1429	0	0	1	0.3631	0.2857	0	0	2	0.7263	0	0	0	0	0	0.0714	0	0	1	0.2673	0.0714	0	0	1	0.2673	0.1429	0	0	1	0.3631	0.2143	0	0	2	0.5789	0.0714	0	0	1	0.2673	0.2143	0	0	3	0.8018	0	0	0	0	0	0.7857	0	0	5	1.4769	0	0	0	0	0	0.5	0.5	0	1	0.5189	0.0714	0	0	1	0.2673	0.0714	0	0	1	0.2673	0.2143	0	0	2	0.5789	0.0714	0	0	1	0.2673	0.0714	0	0	1	0.2673	0.2857	0	0	1	0.4688	0	0	0	0	0	0.9286	1	0	2	0.9169	0.0714	0	0	1	0.2673	0.0714	0	0	1	0.2673	0.0714	0	0	1	0.2673	0.4286	0	0	2	0.6462	0.2857	0	0	1	0.4688	1.2857	1	0	5	1.3828	0.5	0	0	3	0.9405	0.1429	0	0	2	0.5345	0.9286	1	0	3	0.9169	0.0714	0	0	1	0.2673	0.1429	0	0	1	0.3631	0	0	0	0	0	0	0	0	0	0	33.2143	30.5	26	55	8.2944	70.0714	71	33	103	22.8691	2.8571	2	0	7	1.9945	1.9286	2	0	6	1.7744	1.7143	2	0	5	1.3828	0.0714	0	0	1	0.2673	0.3571	0	0	2	0.7449
JHH390_ROI004_ROI_T1.ome.tif	37d2e6e8-0f09-4804-b0bd-3253b84eab48	Detection		Other	Annotation	Polygon	93.11	83.94	0.0771	18.3041	16.9148	0.8039	1	6.0462	4.411	3444.8889	3408	3230	3768	145.3276	0.1667	0	0	1	0.3835	0.1111	0	0	1	0.3234	7.2778	6	0	16	4.7873	0.3889	0	0	2	0.6077	0.8333	0	0	5	1.4653	9.8889	9	4	21	4.5747	77.7222	73	55	106	15.2115	0.2222	0	0	1	0.4278	0.0556	0	0	1	0.2357	9.9444	6.5	2	32	8.585	0.5556	0	0	3	0.8556	5.8333	5	0	17	4.3284	0.3889	0	0	3	0.7775	0.1111	0	0	1	0.3234	0	0	0	0	0	0.1111	0	0	1	0.3234	0.1111	0	0	1	0.3234	0	0	0	0	0	0.1111	0	0	1	0.3234	0	0	0	0	0	0.0556	0	0	1	0.2357	0.0556	0	0	1	0.2357	0.2222	0	0	1	0.4278	0	0	0	0	0	0.5	0	0	3	0.8575	0.3333	0	0	3	0.767	0	0	0	0	0	0	0	0	0	0	0.0556	0	0	1	0.2357	0.1111	0	0	1	0.3234	0.4444	0	0	3	0.9835	0.2778	0	0	2	0.5745	0.3889	0	0	3	0.7775	0.2222	0	0	2	0.5483	0.0556	0	0	1	0.2357	0	0	0	0	0	0.2778	0	0	1	0.4609	0.3889	0	0	1	0.5016	0.6111	0	0	3	0.9164	0.1667	0	0	2	0.5145	0.0556	0	0	1	0.2357	0.5	0	0	2	0.7071	0.6111	0	0	5	1.3346	0	0	0	0	0	0	0	0	0	0	0	0	0	0	0	25.3333	21.5	5	64	17.6502	48	38	5	136	38.8375	1.9444	1	0	7	2.1549	2.8333	3	0	8	2.0934	1.0556	1	0	4	1.2113	0.0556	0	0	1	0.2357	0.2222	0	0	3	0.7321
JHH390_ROI004_ROI_T1.ome.tif	71cfadf9-5b7c-40b2-bfc4-284f2d3abf64	Detection		HLA-DR: Other	Annotation	Polygon	0.3186	66.74	0.038	27.7233	20.8932	0.7981	1	7.9954	4.9681	3489.8125	3452	3335	3681	111.2716	1.0625	1	0	3	0.8539	0.0625	0	0	1	0.25	3.5625	3	0	9	3.0544	0.3125	0	0	1	0.4787	1.875	1.5	0	7	1.8574	12	11.5	4	24	5.465	76.4375	74.5	47	101	16.2356	0.3125	0	0	2	0.6021	0.0625	0	0	1	0.25	2.1875	2	0	8	1.9397	0.1875	0	0	2	0.5439	5.875	5	0	16	5.0974	0.5	0	0	2	0.7303	0.5625	0	0	3	0.9639	0	0	0	0	0	1.4375	0.5	0	9	2.3372	0.375	0	0	2	0.6191	0.125	0	0	2	0.5	0	0	0	0	0	0	0	0	0	0	1.1875	0.5	0	4	1.6008	0.0625	0	0	1	0.25	0.125	0	0	1	0.3416	0	0	0	0	0	1.6875	1.5	0	4	1.3022	0.3125	0	0	3	0.8732	0	0	0	0	0	0.1875	0	0	2	0.5439	0.125	0	0	1	0.3416	0.5	0	0	2	0.7303	0.3125	0	0	4	1.0145	0	0	0	0	0	1	0	0	6	1.633	0.1875	0	0	2	0.5439	0.25	0	0	1	0.4472	0.25	0	0	4	1	0.4375	0	0	2	0.7274	0.1875	0	0	1	0.4031	2.0625	1	0	13	3.2346	0.6875	0.5	0	3	0.8732	0.0625	0	0	1	0.25	31.125	26	1	73	23.7539	0.5625	0	0	3	0.8921	0.0625	0	0	1	0.25	0	0	0	0	0	0	0	0	0	0	33.875	26.5	9	89	22.6005	56.9375	46.5	23	134	31.7899	5	4	1	10	3.2249	6.75	5.5	1	18	5.1056	1.4375	1	0	5	1.5478	0.25	0	0	2	0.5774	0.5625	0	0	3	0.8921
JHH390_ROI004_ROI_T1.ome.tif	73fb545e-b665-4c7e-83b7-28d0b21759c1	Detection		Other	Annotation	Polygon	0.2024	35.42	0.0372	50.771	27.2018	0.8622	1	10.0574	7.582	3537.6155	3523	3130	4016	237.362	0.1154	0	0	1	0.3258	0.0769	0	0	1	0.2717	3.0385	2	0	13	3.0395	0.3846	0	0	2	0.6373	1.5385	1	0	6	1.2403	10.5385	11	2	17	3.5012	77.5385	75	53	103	14.1823	0.3462	0	0	3	0.6895	0.1923	0	0	2	0.4915	2.6154	2	0	9	2.4832	0.3077	0	0	2	0.5491	2.6538	2	0	13	2.7121	0	0	0	0	0	0.0769	0	0	1	0.2717	0	0	0	0	0	0.0385	0	0	1	0.1961	0.1923	0	0	2	0.4915	0.0385	0	0	1	0.1961	0.0385	0	0	1	0.1961	0.1154	0	0	2	0.4315	0.0769	0	0	1	0.2717	0	0	0	0	0	0.2692	0	0	3	0.7243	0	0	0	0	0	0.3077	0	0	2	0.6177	0.1538	0	0	4	0.7845	0	0	0	0	0	0.0769	0	0	1	0.2717	0.1154	0	0	1	0.3258	0.0385	0	0	1	0.1961	0.1538	0	0	1	0.3679	0.0769	0	0	2	0.3922	0.4231	0	0	3	0.7575	0.1538	0	0	2	0.4641	0.1923	0	0	2	0.4915	0.1154	0	0	3	0.5883	0.2308	0	0	1	0.4297	0.1923	0	0	2	0.4915	0.5769	0	0	3	0.8086	0.2308	0	0	2	0.5144	0.1154	0	0	1	0.3258	1.3077	1	0	6	1.6436	0.1538	0	0	1	0.3679	0	0	0	0	0	0	0	0	0	0	0	0	0	0	0	8.6923	8.5	4	15	3.2713	15.7308	15	9	31	5.0085	2.9231	3	0	9	2.0576	2.2308	2	0	5	1.3655	0.7692	1	0	2	0.7646	0.2308	0	0	4	0.8152	0.3077	0	0	3	0.6794
JHH390_ROI004_ROI_T1.ome.tif	c5c8d3ba-265e-4b47-a0e8-76779b644743	Detection		Other	Annotation	Polygon	75.31	6.159	0.0342	19.6995	18.2389	0.7442	1	6.726	4.4438	3487.5789	3480	2904	3889	228.266	0.2105	0	0	1	0.4189	0.1579	0	0	1	0.3746	2.5263	2	0	7	2.2203	0.4211	0	0	2	0.6925	0.6842	0	0	5	1.4163	9.7368	9	6	15	2.5786	78.7895	74	62	112	14.5395	0.2105	0	0	2	0.5353	0.1579	0	0	2	0.5015	8.6316	7	1	26	5.7659	0.3684	0	0	2	0.5973	4.1053	3	0	25	5.6558	0.0526	0	0	1	0.2294	0.1053	0	0	1	0.3153	0	0	0	0	0	0.0526	0	0	1	0.2294	0.2105	0	0	2	0.5353	0.1053	0	0	1	0.3153	0.0526	0	0	1	0.2294	0.1579	0	0	1	0.3746	0.1053	0	0	1	0.3153	0.1579	0	0	2	0.5015	0.3158	0	0	3	0.8201	0.1053	0	0	1	0.3153	0.1579	0	0	1	0.3746	0.1579	0	0	1	0.3746	0	0	0	0	0	0	0	0	0	0	0	0	0	0	0	0.2632	0	0	1	0.4524	0.2632	0	0	2	0.6534	0.0526	0	0	1	0.2294	0.8947	1	0	3	0.9941	0.1053	0	0	1	0.3153	0	0	0	0	0	0	0	0	0	0	0.4737	0	0	3	0.9643	0.2632	0	0	2	0.562	0.4211	0	0	2	0.607	0.2105	0	0	2	0.5353	0.2105	0	0	2	0.5353	1.0526	0	0	5	1.5083	0.0526	0	0	1	0.2294	0	0	0	0	0	0.0526	0	0	1	0.2294	0.0526	0	0	1	0.2294	30	30	8	69	18.0585	58.2632	45	14	144	41.0526	1.6842	1	0	4	1.1082	1.7368	1	0	5	1.3267	0.6316	0	0	3	0.8951	0.4211	0	0	3	0.7685	0.4211	0	0	3	0.8377
JHH390_ROI004_ROI_T1.ome.tif	5f5fded2-7d28-4d81-b4e8-cccfd88efbf8	Detection		Other	Annotation	Polygon	37.96	67.62	0.0311	10.9563	13.1643	0.7945	1	5.1381	3.2234	3485.2	3464.5	3342	3636	109.262	0	0	0	0	0	0.1	0	0	1	0.3162	7.9	7.5	4	13	2.9231	0.8	1	0	2	0.7888	1.1	1	0	3	0.9944	10.9	10.5	6	18	3.8427	81	78.5	58	107	17.3077	0.3	0	0	2	0.6749	0	0	0	0	0	9.2	9	0	20	5.8462	0.3	0	0	2	0.6749	4.4	3	0	17	4.9261	0.1	0	0	1	0.3162	0.2	0	0	1	0.4216	0	0	0	0	0	0	0	0	0	0	0.1	0	0	1	0.3162	0.1	0	0	1	0.3162	0.2	0	0	1	0.4216	0	0	0	0	0	0.1	0	0	1	0.3162	0.1	0	0	1	0.3162	0	0	0	0	0	0	0	0	0	0	0.2	0	0	1	0.4216	0	0	0	0	0	0.1	0	0	1	0.3162	0.3	0	0	2	0.6749	0.1	0	0	1	0.3162	0	0	0	0	0	0.1	0	0	1	0.3162	0.1	0	0	1	0.3162	0.4	0	0	1	0.5164	0	0	0	0	0	0.1	0	0	1	0.3162	0	0	0	0	0	0.3	0	0	2	0.6749	0.1	0	0	1	0.3162	0.5	0	0	2	0.7071	0.3	0	0	1	0.483	0.1	0	0	1	0.3162	0.5	0	0	3	0.9718	0.6	1	0	1	0.5164	0	0	0	0	0	0	0	0	0	0	0	0	0	0	0	22.7	21.5	13	34	6.43	41.2	39.5	24	59	10.8607	1.8	1	0	8	2.6583	3.5	3	1	8	1.9579	0.8	0.5	0	2	0.9189	0.1	0	0	1	0.3162	0.5	0	0	2	0.7071
JHH390_ROI004_ROI_T1.ome.tif	3009719f-e0bc-4b10-8d5e-a352154e6a96	Detection		Other	Annotation	Polygon	7.534	27.6	0.0285	21.8051	22.245	0.5537	0.7965	7.8319	5.7683	3496.2273	3503	3138	3873	191.3926	0.1364	0	0	1	0.3513	0.1364	0	0	1	0.3513	3.1818	2.5	0	8	2.3832	0.2273	0	0	2	0.5284	0.8182	1	0	2	0.795	10.4091	9	3	21	5.4656	80.5455	79.5	60	113	12.3933	0.5	0	0	4	0.9129	0.1364	0	0	1	0.3513	9.6818	9.5	1	22	5.8667	1.2273	1	0	5	1.5409	12.4545	9.5	1	32	9.9126	0.7727	0	0	5	1.3778	0.3182	0	0	1	0.4767	0.0455	0	0	1	0.2132	0.1818	0	0	1	0.3948	0.0909	0	0	1	0.2942	0.1364	0	0	1	0.3513	0.0909	0	0	1	0.2942	0.0909	0	0	1	0.2942	0.1364	0	0	1	0.3513	0	0	0	0	0	0.4091	0	0	2	0.6661	0.0455	0	0	1	0.2132	0.7273	0	0	4	1.1622	0.9545	0	0	6	1.7587	0	0	0	0	0	0.2727	0	0	2	0.5505	0.1364	0	0	1	0.3513	0.3182	0	0	2	0.5679	0.5455	0	0	4	0.9625	0.2727	0	0	4	0.8827	1.1364	1	0	7	1.6123	0.3182	0	0	1	0.4767	0.5909	0	0	4	1.2212	0	0	0	0	0	0.3182	0	0	5	1.1291	0.1364	0	0	1	0.3513	1.1818	1	0	3	1.1807	0.4545	0	0	2	0.671	0.0909	0	0	1	0.2942	1.3182	0.5	0	7	2.056	0.3182	0	0	2	0.5679	0	0	0	0	0	0	0	0	0	0	0	0	0	0	0	26.5	15.5	4	102	24.9795	55.0909	37.5	8	129	43.7688	1.5909	1	0	7	1.623	1.1818	1	0	4	1.1396	1.7273	1	0	9	2.0972	0.4091	0	0	2	0.6661	0.3182	0	0	2	0.5679
JHH390_ROI004_ROI_T1.ome.tif	14439544-80dd-415e-9889-5c0ab8396b02	Detection		Other	Annotation	Polygon	74.09	92.38	0.0261	23.3812	21.6691	0.6257	0.8832	7.9851	4.4482	3429.0833	3445	3095	3741	186.6489	0.125	0	0	1	0.3378	0.0417	0	0	1	0.2041	3.2083	2.5	0	8	2.4134	0.6667	0	0	6	1.4039	1.2917	1	0	4	1.2676	9.2917	8.5	1	18	4.2475	82.1667	82	67	99	7.9052	0.4167	0	0	3	0.7755	0.0833	0	0	1	0.2823	25.7917	27	3	60	15.7148	0.25	0	0	2	0.6079	12.0833	11	1	23	6.234	0.25	0	0	2	0.5316	0.1667	0	0	1	0.3807	0.0833	0	0	1	0.2823	0.0833	0	0	1	0.2823	0.0417	0	0	1	0.2041	0.1667	0	0	1	0.3807	0.125	0	0	1	0.3378	0	0	0	0	0	0.375	0	0	2	0.6469	0.125	0	0	1	0.3378	0.8333	0.5	0	3	1.0072	0	0	0	0	0	0.25	0	0	1	0.4423	0.2083	0	0	3	0.658	0.0417	0	0	1	0.2041	0.2917	0	0	3	0.6903	0	0	0	0	0	0.0833	0	0	1	0.2823	0.4167	0	0	4	0.9286	0.25	0	0	4	0.847	1.1667	0.5	0	7	1.711	0.25	0	0	2	0.5316	0.4583	0	0	3	0.779	0.125	0	0	1	0.3378	0.25	0	0	2	0.5316	0.125	0	0	1	0.3378	1.625	2	0	5	1.6892	0.5	0	0	3	0.9325	0.1667	0	0	1	0.3807	0.6667	0	0	3	0.8681	0.2083	0	0	2	0.509	0	0	0	0	0	0	0	0	0	0	0	0	0	0	0	31.25	20	4	98	27.4658	52.3333	38	4	176	48.4038	1.875	1	0	5	1.5965	3.125	3	0	7	2.0283	0.875	1	0	3	0.8502	0.125	0	0	1	0.3378	0.3333	0	0	2	0.5647
JHH390_ROI004_ROI_T1.ome.tif	42dab87c-a251-4c4f-a954-64538d17342e	Detection		Other	Annotation	Polygon	91.24	94.33	0.0237	21.4138	18.1118	0.8203	1	6.402	4.8671	3432.5239	3421	3151	3707	171.205	0.1429	0	0	2	0.4781	0.1905	0	0	2	0.5118	6.5714	5	1	16	4.0071	0.4762	0	0	2	0.6796	0.9524	1	0	4	1.2032	9.8095	10	4	16	3.7499	82.7619	83	62	102	10.7234	0.3333	0	0	2	0.5774	0.1905	0	0	1	0.4024	9.4286	9	0	26	6.1284	0.0476	0	0	1	0.2182	5.0476	5	1	13	3.801	0.4286	0	0	4	0.9783	0	0	0	0	0	0.1429	0	0	2	0.4781	0.0952	0	0	1	0.3008	0.2381	0	0	2	0.539	0	0	0	0	0	0.1905	0	0	2	0.5118	0.0476	0	0	1	0.2182	0.0476	0	0	1	0.2182	0.0476	0	0	1	0.2182	0.3333	0	0	3	0.7958	0	0	0	0	0	0.3333	0	0	2	0.6583	0.2857	0	0	3	0.7171	0	0	0	0	0	0	0	0	0	0	0.0476	0	0	1	0.2182	0.0476	0	0	1	0.2182	0.3333	0	0	2	0.6583	0.0952	0	0	1	0.3008	0.5714	0	0	3	0.8701	0.0476	0	0	1	0.2182	0	0	0	0	0	0	0	0	0	0	0.4762	0	0	2	0.6016	0.0476	0	0	1	0.2182	0.7143	0	0	3	0.9562	0.2857	0	0	2	0.5606	0	0	0	0	0	0.4762	0	0	4	0.9808	0.1905	0	0	2	0.5118	0	0	0	0	0	0	0	0	0	0	0	0	0	0	0	29.381	33	6	55	14.1685	53.0476	57	12	111	30.3026	0.7143	0	0	3	1.0071	1.5714	1	0	5	1.4687	0.4762	0	0	3	0.8136	0	0	0	0	0	0.1905	0	0	1	0.4024
JHH390_ROI004_ROI_T1.ome.tif	acd282ce-8cdd-47a7-a7b3-7905d5b08633	Detection		Other	Annotation	Polygon	43.85	52.44	0.0185	34.7239	31.1947	0.4484	0.6659	10.0753	7.7647	3460.3225	3416	3113	3903	197.5733	0.0645	0	0	1	0.2497	0.0968	0	0	1	0.3005	4.4516	4	0	12	2.9647	0.1613	0	0	2	0.4544	0.5161	0	0	2	0.6256	11.0968	11	1	24	4.8741	81.4194	79	60	102	10.7448	0.3226	0	0	2	0.5993	0.0323	0	0	1	0.1796	10.5806	9	2	27	6.6772	0.9355	0	0	4	1.1814	6.0323	6	1	12	3.0164	0.1613	0	0	1	0.3739	0.4516	0	0	2	0.6239	0.129	0	0	3	0.5623	0.0645	0	0	1	0.2497	0.3548	0	0	2	0.6607	0.0645	0	0	1	0.2497	0	0	0	0	0	0.0645	0	0	1	0.2497	0	0	0	0	0	0.0323	0	0	1	0.1796	0.0968	0	0	1	0.3005	0.0323	0	0	1	0.1796	0.5806	0	0	5	1.2048	0.0323	0	0	1	0.1796	0	0	0	0	0	0.0968	0	0	1	0.3005	0.0645	0	0	1	0.2497	0.129	0	0	2	0.4275	0.2581	0	0	2	0.5755	0.0645	0	0	1	0.2497	0.3871	0	0	2	0.6152	0	0	0	0	0	0.0645	0	0	1	0.2497	0.0323	0	0	1	0.1796	0.129	0	0	2	0.4275	0.2903	0	0	4	0.8244	0.3548	0	0	2	0.6607	0.1935	0	0	3	0.6011	0.2903	0	0	2	0.5287	0.7419	0	0	3	0.9298	0.2258	0	0	4	0.762	0.0645	0	0	2	0.3592	0	0	0	0	0	0	0	0	0	0	12.7097	12	2	28	6.492	22.2581	22	3	48	12.5086	2.3226	2	0	9	2.3436	3.2258	2	0	13	2.9064	1.0645	0	0	5	1.4361	0.1613	0	0	1	0.3739	0.2903	0	0	2	0.6426
JHH390_ROI004_ROI_T1.ome.tif	d2e53080-ffc5-437a-b7d7-05bcdcd14995	Detection		Other	Annotation	Polygon	34.18	75.09	0.0179	21.1445	20.5971	0.6263	0.8748	7.1238	4.388	3499	3490	3232	3784	154.159	0.0526	0	0	1	0.2294	0.1053	0	0	2	0.4588	6.7895	7	1	15	3.7798	0.5263	0	0	2	0.6967	0.9474	0	0	6	1.5083	9.5263	10	3	16	3.7174	79.4211	78	63	98	10.6266	0.5263	0	0	2	0.6118	0.2632	0	0	2	0.562	18.2632	17	3	34	10.0545	0.4737	0	0	1	0.513	2.3684	2	0	6	2.1657	0.2105	0	0	2	0.5353	0.1053	0	0	1	0.3153	0.0526	0	0	1	0.2294	0	0	0	0	0	0.0526	0	0	1	0.2294	0	0	0	0	0	0.2105	0	0	1	0.4189	0.0526	0	0	1	0.2294	0	0	0	0	0	0.1053	0	0	1	0.3153	0.1053	0	0	1	0.3153	0	0	0	0	0	0.0526	0	0	1	0.2294	0.1053	0	0	1	0.3153	0	0	0	0	0	0.1579	0	0	1	0.3746	0	0	0	0	0	0.2105	0	0	1	0.4189	0.2105	0	0	2	0.5353	0.1053	0	0	1	0.3153	0.4737	0	0	2	0.6967	0.2105	0	0	3	0.7133	0.1053	0	0	2	0.4588	0	0	0	0	0	0.2105	0	0	1	0.4189	0.3158	0	0	2	0.5824	0.3684	0	0	1	0.4956	0.5789	0	0	4	1.1698	0.1579	0	0	2	0.5015	1.0526	1	0	5	1.4327	0.2105	0	0	3	0.7133	0	0	0	0	0	0	0	0	0	0	0	0	0	0	0	20.5789	20	6	37	8.1262	38.0526	37	9	64	17.0179	2.8947	2	0	8	2.4471	3.4737	3	1	12	2.913	1.4211	1	0	10	2.2929	0.3158	0	0	3	0.7493	0.4737	0	0	2	0.6967
JHH390_ROI004_ROI_T1.ome.tif	43888431-7829-4a47-a7ba-121a4fe6cd3a	Detection		Other	Annotation	Polygon	66.33	78.11	0.0153	16.8801	16.14	0.8143	1	5.9944	3.7021	3517.5625	3491.5	3306	3821	163.784	0.125	0	0	1	0.3416	0.1875	0	0	1	0.4031	5.5	6	3	9	1.8974	0.3125	0	0	2	0.6021	0.75	0	0	4	1.1255	11.6875	11.5	4	26	5.4494	80.75	82.5	62	97	10.5546	0.5625	0	0	2	0.8139	0.125	0	0	1	0.3416	15.6875	12.5	6	38	9.393	0.25	0	0	1	0.4472	4.25	4	0	9	2.7928	0.1875	0	0	1	0.4031	0.0625	0	0	1	0.25	0	0	0	0	0	0	0	0	0	0	0.1875	0	0	2	0.5439	0.125	0	0	1	0.3416	0.125	0	0	1	0.3416	0.0625	0	0	1	0.25	0.125	0	0	1	0.3416	0.25	0	0	2	0.5774	0.125	0	0	1	0.3416	0	0	0	0	0	0.25	0	0	1	0.4472	0.25	0	0	3	0.7746	0	0	0	0	0	0.0625	0	0	1	0.25	0.125	0	0	1	0.3416	0.1875	0	0	2	0.5439	0.375	0	0	1	0.5	0.4375	0	0	4	1.0308	0.8125	0.5	0	4	1.1673	0.0625	0	0	1	0.25	0.0625	0	0	1	0.25	0	0	0	0	0	0.3125	0	0	2	0.7042	0.0625	0	0	1	0.25	0.5	0	0	3	0.8944	0.4375	0	0	2	0.7274	0.0625	0	0	1	0.25	0.375	0	0	3	0.8851	0.125	0	0	1	0.3416	0	0	0	0	0	0	0	0	0	0	0	0	0	0	0	11.25	10	2	23	5.9722	21.5625	22.5	8	38	8.2863	1.4375	0.5	0	5	1.7115	2.4375	2	0	7	1.999	0.4375	0	0	3	0.8139	0.125	0	0	1	0.3416	0.4375	0	0	2	0.7274
JHH390_ROI004_ROI_T1.ome.tif	5e94e57f-f5a3-44a7-a90d-36c674dbd894	Detection		Other	Annotation	Polygon	96.4	56.27	0.013	31.766	20.8775	0.9158	1	7.1531	5.9117	3444.8333	3434.5	3068	3853	184.1626	0.0667	0	0	1	0.2537	0.1333	0	0	1	0.3457	3.8667	4	1	11	2.4598	0.4	0	0	2	0.724	0.9667	1	0	5	1.2452	9.2	9	2	17	3.7269	82.0667	84.5	61	103	11.042	0.2333	0	0	1	0.4302	0.1	0	0	1	0.3051	18.7333	13.5	5	51	13.2975	0.6667	0	0	4	0.9223	5.6	6	1	16	3.3692	0.4	0	0	2	0.6215	0.1	0	0	2	0.4026	0	0	0	0	0	0.1333	0	0	1	0.3457	0.0667	0	0	1	0.2537	0	0	0	0	0	0.0667	0	0	2	0.3651	0.1	0	0	1	0.3051	0.0667	0	0	1	0.2537	0.2333	0	0	1	0.4302	0.0333	0	0	1	0.1826	0.0333	0	0	1	0.1826	0.2667	0	0	2	0.5833	0.2	0	0	1	0.4068	0.1333	0	0	4	0.7303	0.0667	0	0	1	0.2537	0.0333	0	0	1	0.1826	0.2667	0	0	3	0.6397	0.1	0	0	1	0.3051	0.1333	0	0	1	0.3457	0.4	0	0	2	0.6747	0.0333	0	0	1	0.1826	0.1667	0	0	1	0.379	0.0333	0	0	1	0.1826	0.2667	0	0	3	0.6397	0.1333	0	0	1	0.3457	0.5	0	0	3	0.9002	0.1667	0	0	3	0.5921	0	0	0	0	0	0.8	0	0	5	1.2429	0.3667	0	0	3	0.7184	0	0	0	0	0	0	0	0	0	0	0	0	0	0	0	7.5667	7	1	19	3.9713	12.6	12.5	4	23	4.3438	1.1333	1	0	7	1.5025	1.9667	1.5	0	8	2.0254	0.7667	0.5	0	4	1.0063	0.1333	0	0	1	0.3457	0.2667	0	0	2	0.5208
JHH390_ROI004_ROI_T1.ome.tif	9150d34c-f7ca-4df6-b855-cb7896da08e5	Detection		Other	Annotation	Polygon	32.82	19.03	0.0127	10.227	15.0672	0.5661	0.8115	5.5268	3.4193	3567.2727	3517	3367	3742	140.2235	0.3636	0	0	1	0.5045	0	0	0	0	0	3.3636	3	0	8	2.5796	0.5455	0	0	2	0.6876	1.3636	1	0	4	1.1201	11.8182	12	8	16	2.7502	81.1818	83	66	96	9.2392	0.2727	0	0	2	0.6467	0	0	0	0	0	9.1818	7	1	24	6.8821	0.5455	0	0	4	1.2933	7.2727	7	5	10	1.7939	0.2727	0	0	1	0.4671	0.0909	0	0	1	0.3015	0	0	0	0	0	0	0	0	0	0	0	0	0	0	0	0	0	0	0	0	0	0	0	0	0	0	0	0	0	0	0.0909	0	0	1	0.3015	0.3636	0	0	3	0.9244	0.0909	0	0	1	0.3015	0	0	0	0	0	0.2727	0	0	1	0.4671	0.6364	0	0	3	1.206	0	0	0	0	0	0.0909	0	0	1	0.3015	0.1818	0	0	1	0.4045	0.0909	0	0	1	0.3015	0.6364	0	0	3	1.0269	0	0	0	0	0	0	0	0	0	0	0	0	0	0	0	0	0	0	0	0	0.0909	0	0	1	0.3015	0.5455	0	0	2	0.6876	0.2727	0	0	2	0.6467	0.4545	0	0	2	0.6876	0.3636	0	0	1	0.5045	0.3636	0	0	2	0.6742	0.9091	0	0	3	1.1362	0.9091	1	0	3	0.9439	0.0909	0	0	1	0.3015	0	0	0	0	0	0	0	0	0	0	12.5455	12	4	21	5.9222	19.2727	16	10	60	13.8787	2.8182	2	0	9	2.6007	1.5455	1	0	5	1.5076	1.7273	2	0	4	1.5551	0.2727	0	0	1	0.4671	0.2727	0	0	1	0.4671
JHH390_ROI004_ROI_T1.ome.tif	59734b67-ecf7-42ef-87d0-a4d9506d0b5d	Detection		Other	Annotation	Polygon	99.76	47.34	0.0123	16.8867	15.5484	0.8778	1	5.7862	4.1117	3462	3439	3220	3698	154.5591	0.1111	0	0	1	0.3333	0.2222	0	0	1	0.441	3.3333	3	2	6	1.3229	1	1	0	3	1.2247	0.8889	1	0	2	0.6009	11.6667	10	8	19	3.8079	72.7778	70	51	88	11.9977	0.1111	0	0	1	0.3333	0.2222	0	0	1	0.441	17.3333	8	4	47	17.4213	0.7778	0	0	3	1.3017	4.8889	5	0	10	2.9768	0	0	0	0	0	0.3333	0	0	1	0.5	0	0	0	0	0	0	0	0	0	0	0.1111	0	0	1	0.3333	0	0	0	0	0	0.1111	0	0	1	0.3333	0.1111	0	0	1	0.3333	0.1111	0	0	1	0.3333	0.2222	0	0	1	0.441	0.1111	0	0	1	0.3333	0	0	0	0	0	0.6667	0	0	2	0.866	0	0	0	0	0	0	0	0	0	0	0.1111	0	0	1	0.3333	0.1111	0	0	1	0.3333	0.1111	0	0	1	0.3333	0.2222	0	0	1	0.441	0	0	0	0	0	0.6667	1	0	1	0.5	0.1111	0	0	1	0.3333	0.1111	0	0	1	0.3333	0.1111	0	0	1	0.3333	0.7778	0	0	3	1.0929	0	0	0	0	0	0.8889	0	0	4	1.3642	0.1111	0	0	1	0.3333	0.2222	0	0	1	0.441	2.7778	1	0	11	3.9616	0	0	0	0	0	0	0	0	0	0	0	0	0	0	0	0	0	0	0	0	22.7778	21	3	48	13.3396	44.1111	42	16	82	21.3977	3.1111	2	1	10	3.0596	4.1111	4	1	9	3.1402	1.4444	1	0	4	1.1304	0	0	0	0	0	0.4444	0	0	1	0.527
JHH390_ROI004_ROI_T1.ome.tif	0b4892ec-e048-40a3-a133-ef0db0f4272b	Detection		Other	Annotation	Polygon	48.17	46.32	0.0121	45.6321	24.9659	0.92	1	8.6407	7.3746	3481	3462	3049	3841	214.8658	0.1304	0	0	1	0.3405	0.1522	0	0	2	0.4199	4.913	4	1	15	2.8271	0.4783	0	0	4	0.8625	0.6957	0	0	7	1.1901	9.8043	9.5	4	17	3.4552	78.9783	79	53	108	12.0711	0.2826	0	0	2	0.5017	0.087	0	0	2	0.3544	13.1087	11.5	2	35	8.3032	0.3478	0	0	2	0.5664	7.913	6.5	0	32	7.4709	0.3696	0	0	2	0.5719	0.1087	0	0	1	0.3147	0.0435	0	0	2	0.2949	0.0652	0	0	1	0.2496	0.0435	0	0	1	0.2062	0	0	0	0	0	0.087	0	0	1	0.2849	0	0	0	0	0	0.0652	0	0	1	0.2496	0.1739	0	0	2	0.4374	0.2391	0	0	2	0.5651	0.0217	0	0	1	0.1474	0.2391	0	0	2	0.6031	0.1522	0	0	2	0.4199	0	0	0	0	0	0.087	0	0	1	0.2849	0.0652	0	0	1	0.2496	0.0217	0	0	1	0.1474	0.2391	0	0	2	0.48	0.1087	0	0	1	0.3147	0.4565	0	0	5	1.0046	0.1087	0	0	1	0.3147	0.0217	0	0	1	0.1474	0	0	0	0	0	0.3696	0	0	2	0.6095	0.2174	0	0	2	0.5126	0.4565	0	0	3	0.7213	0.3696	0	0	2	0.6449	0.0435	0	0	1	0.2062	0.7609	0	0	6	1.3693	0.1522	0	0	2	0.4699	0	0	0	0	0	0	0	0	0	0	0	0	0	0	0	9.587	9	0	20	4.6312	16.8478	17	1	51	8.1703	1.8913	1.5	0	7	1.9802	1.2174	1	0	4	1.1138	0.6957	0	0	3	0.8659	0.2174	0	0	3	0.593	0.5435	0	0	2	0.7805
JHH390_ROI004_ROI_T1.ome.tif	6f295089-ef60-47b3-aad7-69621ec18b62	Detection		Other	Annotation	Polygon	75.74	26.02	0.0102	15.6122	18.1576	0.5951	0.8102	6.1338	4.6763	3507.5293	3460	3216	3840	190.6007	0	0	0	0	0	0.0588	0	0	1	0.2425	6.1176	6	2	10	2.643	0.2353	0	0	1	0.4372	0.8824	1	0	3	0.9275	10.4118	10	4	18	3.922	80.6471	79	70	97	6.689	0.4118	0	0	1	0.5073	0.1176	0	0	2	0.4851	3.2941	3	0	10	2.8232	0.1176	0	0	1	0.3321	7.2353	5	0	20	5.7176	0.4118	0	0	4	1.0037	0.0588	0	0	1	0.2425	0	0	0	0	0	0	0	0	0	0	0.1765	0	0	1	0.393	0	0	0	0	0	0.0588	0	0	1	0.2425	0	0	0	0	0	0	0	0	0	0	0.0588	0	0	1	0.2425	0.2353	0	0	1	0.4372	0	0	0	0	0	0.2353	0	0	1	0.4372	0.1176	0	0	1	0.3321	0.0588	0	0	1	0.2425	0	0	0	0	0	0	0	0	0	0	0	0	0	0	0	0	0	0	0	0	0.3529	0	0	3	0.7859	0.4118	0	0	2	0.6183	0	0	0	0	0	0.0588	0	0	1	0.2425	0.2353	0	0	1	0.4372	0.0588	0	0	1	0.2425	0.1176	0	0	1	0.3321	0.3529	0	0	3	0.8618	0.3529	0	0	2	0.6063	0.2941	0	0	4	0.9852	2.4706	2	0	9	2.5029	0.1765	0	0	1	0.393	0.2353	0	0	2	0.5623	0	0	0	0	0	0	0	0	0	0	7.7059	5	1	21	6.1315	13.8824	12	3	43	10.2767	1.5882	1	0	5	1.6605	1.0588	1	0	3	1.088	0.7059	0	0	3	0.9196	0.2941	0	0	4	0.9852	0.2941	0	0	4	0.9852
JHH390_ROI004_ROI_T1.ome.tif	72e00b59-1ac6-4be3-bf55-e52d649ecb17	Detection		Other	Annotation	Polygon	11.8	45.51	0.0102	23.9333	19.131	0.8217	1	7.4967	4.7561	3470.8401	3452	3022	4072	220.7268	0.12	0	0	2	0.4397	0.08	0	0	1	0.2769	2.72	2	0	10	2.5252	0.28	0	0	2	0.6137	1.2	1	0	6	1.354	11.12	11	5	17	3.5628	84.56	83	70	109	10.3162	0.48	0	0	2	0.6532	0.12	0	0	1	0.3317	21.52	20	6	37	8.3022	0.92	0	0	4	1.222	6.56	3	0	28	6.9166	0.28	0	0	4	0.8426	0.12	0	0	2	0.4397	0.04	0	0	1	0.2	0.04	0	0	1	0.2	0.2	0	0	3	0.6455	0.04	0	0	1	0.2	0.12	0	0	1	0.3317	0.08	0	0	1	0.2769	0.24	0	0	4	0.8307	0.12	0	0	1	0.3317	0.2	0	0	2	0.5	0.04	0	0	1	0.2	0.2	0	0	2	0.5	0.16	0	0	1	0.3742	0.04	0	0	1	0.2	0.04	0	0	1	0.2	0.12	0	0	1	0.3317	0	0	0	0	0	0.28	0	0	2	0.5416	0.36	0	0	2	0.5686	0.36	0	0	2	0.6377	0.12	0	0	1	0.3317	0	0	0	0	0	0.04	0	0	1	0.2	0.08	0	0	1	0.2769	0.2	0	0	1	0.4082	0.76	0	0	6	1.2675	0.36	0	0	2	0.6377	0	0	0	0	0	1.04	1	0	6	1.3064	0.32	0	0	3	0.6904	0	0	0	0	0	0	0	0	0	0	0	0	0	0	0	8.32	8	3	17	3.7939	16.96	15	4	36	6.7975	5.4	5	0	18	3.6056	6	6	1	18	3.7417	1.68	1	0	4	1.4059	0.16	0	0	2	0.5538	0.36	0	0	2	0.5686
