Image	Object ID	Object type	Name	Classification	Parent	ROI	Centroid X µm	Centroid Y µm	Detection probability	Area µm^2	Length µm	Circularity	Solidity	Max diameter µm	Min diameter µm	80ArAr: Mean	80ArAr: Median	80ArAr: Min	80ArAr: Max	80ArAr: Std.Dev.	CD45: Mean	CD45: Median	CD45: Min	CD45: Max	CD45: Std.Dev.	Ruthenium: Mean	Ruthenium: Median	Ruthenium: Min	Ruthenium: Max	Ruthenium: Std.Dev.	Collagen: Mean	Collagen: Median	Collagen: Min	Collagen: Max	Collagen: Std.Dev.	Ecadherin: Mean	Ecadherin: Median	Ecadherin: Min	Ecadherin: Max	Ecadherin: Std.Dev.	120Sn: Mean	120Sn: Median	120Sn: Min	120Sn: Max	120Sn: Std.Dev.	127I: Mean	127I: Median	127I: Min	127I: Max	127I: Std.Dev.	131Xe: Mean	131Xe: Median	131Xe: Min	131Xe: Max	131Xe: Std.Dev.	133Cs: Mean	133Cs: Median	133Cs: Min	133Cs: Max	133Cs: Std.Dev.	138Ba: Mean	138Ba: Median	138Ba: Min	138Ba: Max	138Ba: Std.Dev.	SMA: Mean	SMA: Median	SMA: Min	SMA: Max	SMA: Std.Dev.	Podoplanin: Mean	Podoplanin: Median	Podoplanin: Min	Podoplanin: Max	Podoplanin: Std.Dev.	VIM: Mean	VIM: Median	VIM: Min	VIM: Max	VIM: Std.Dev.	S100A4: Mean	S100A4: Median	S100A4: Min	S100A4: Max	S100A4: Std.Dev.	CD45RO: Mean	CD45RO: Median	CD45RO: Min	CD45RO: Max	CD45RO: Std.Dev.	CD16: Mean	CD16: Median	CD16: Min	CD16: Max	CD16: Std.Dev.	CD163: Mean	CD163: Median	CD163: Min	CD163: Max	CD163: Std.Dev.	CK: Mean	CK: Median	CK: Min	CK: Max	CK: Std.Dev.	TFF1: Mean	TFF1: Median	TFF1: Min	TFF1: Max	TFF1: Std.Dev.	PDL1: Mean	PDL1: Median	PDL1: Min	PDL1: Max	PDL1: Std.Dev.	PD1: Mean	PD1: Median	PD1: Min	PD1: Max	PD1: Std.Dev.	CD31: Mean	CD31: Median	CD31: Min	CD31: Max	CD31: Std.Dev.	Tox_Tox2: Mean	Tox_Tox2: Median	Tox_Tox2: Min	Tox_Tox2: Max	Tox_Tox2: Std.Dev.	CD57: Mean	CD57: Median	CD57: Min	CD57: Max	CD57: Std.Dev.	FOXP3: Mean	FOXP3: Median	FOXP3: Min	FOXP3: Max	FOXP3: Std.Dev.	CD4: Mean	CD4: Median	CD4: Min	CD4: Max	CD4: Std.Dev.	NCAD: Mean	NCAD: Median	NCAD: Min	NCAD: Max	NCAD: Std.Dev.	CD68: Mean	CD68: Median	CD68: Min	CD68: Max	CD68: Std.Dev.	IL6: Mean	IL6: Median	IL6: Min	IL6: Max	IL6: Std.Dev.	CD20: Mean	CD20: Median	CD20: Min	CD20: Max	CD20: Std.Dev.	CD8: Mean	CD8: Median	CD8: Min	CD8: Max	CD8: Std.Dev.	PDGFRa: Mean	PDGFRa: Median	PDGFRa: Min	PDGFRa: Max	PDGFRa: Std.Dev.	IL8: Mean	IL8: Median	IL8: Min	IL8: Max	IL8: Std.Dev.	GATA6: Mean	GATA6: Median	GATA6: Min	GATA6: Max	GATA6: Std.Dev.	CD45RA: Mean	CD45RA: Median	CD45RA: Min	CD45RA: Max	CD45RA: Std.Dev.	GZMB: Mean	GZMB: Median	GZMB: Min	GZMB: Max	GZMB: Std.Dev.	KI67: Mean	KI67: Median	KI67: Min	KI67: Max	KI67: Std.Dev.	CXCL12: Mean	CXCL12: Median	CXCL12: Min	CXCL12: Max	CXCL12: Std.Dev.	CD3: Mean	CD3: Median	CD3: Min	CD3: Max	CD3: Std.Dev.	S100A2: Mean	S100A2: Median	S100A2: Min	S100A2: Max	S100A2: Std.Dev.	FAP_alpha: Mean	FAP_alpha: Median	FAP_alpha: Min	FAP_alpha: Max	FAP_alpha: Std.Dev.	CD173: Mean	CD173: Median	CD173: Min	CD173: Max	CD173: Std.Dev.	HLADR: Mean	HLADR: Median	HLADR: Min	HLADR: Max	HLADR: Std.Dev.	CD105: Mean	CD105: Median	CD105: Min	CD105: Max	CD105: Std.Dev.	KRT17: Mean	KRT17: Median	KRT17: Min	KRT17: Max	KRT17: Std.Dev.	190BCKG: Mean	190BCKG: Median	190BCKG: Min	190BCKG: Max	190BCKG: Std.Dev.	190Os: Mean	190Os: Median	190Os: Min	190Os: Max	190Os: Std.Dev.	DNA1: Mean	DNA1: Median	DNA1: Min	DNA1: Max	DNA1: Std.Dev.	DNA2: Mean	DNA2: Median	DNA2: Min	DNA2: Max	DNA2: Std.Dev.	PM2: Mean	PM2: Median	PM2: Min	PM2: Max	PM2: Std.Dev.	PM3: Mean	PM3: Median	PM3: Min	PM3: Max	PM3: Std.Dev.	PM4: Mean	PM4: Median	PM4: Min	PM4: Max	PM4: Std.Dev.	204Pb: Mean	204Pb: Median	204Pb: Min	204Pb: Max	204Pb: Std.Dev.	208Pb: Mean	208Pb: Median	208Pb: Min	208Pb: Max	208Pb: Std.Dev.
JHH368ROI005_ROI_005.ome.tif	523c4a84-3366-4db1-8f5e-a2d2a3ab68f5	Detection		HLA-DR: Other	Annotation	Polygon	92.77	30.81	0.8135	59.5769	29.3084	0.8716	1	11.2215	7.2136	4518	4505	3975	5124	252.3501	0.4237	0	0	3	0.6748	0.4237	0	0	2	0.6487	5.5593	5	1	14	3.5198	0.5932	0	0	5	0.949	1.8136	2	0	6	1.4795	26.1695	26	13	44	7.3277	40.2034	40	20	55	7.5012	0.1017	0	0	1	0.3048	0.1525	0	0	1	0.3626	2.5085	1	0	10	2.6547	0.5763	0	0	5	0.9322	12.8644	10	0	50	10.4576	1.6102	1	0	6	1.5538	0.7966	0	0	6	1.3233	0.1356	0	0	2	0.3921	0.339	0	0	11	1.5269	0.0678	0	0	1	0.2536	0.1525	0	0	2	0.4074	0.1525	0	0	2	0.4477	0.0847	0	0	1	0.2809	0.5763	0	0	3	0.8945	0.1356	0	0	1	0.3453	0.0847	0	0	1	0.2809	0.0508	0	0	1	0.2216	1.7458	1	0	7	1.8061	0.322	0	0	4	0.7297	0.5085	0	0	3	0.8585	0.2712	0	0	4	0.6906	0.0847	0	0	2	0.3367	0.1525	0	0	2	0.4477	0.2373	0	0	2	0.5031	0.2712	0	0	4	0.6652	0.8983	1	0	6	1.2134	0.4576	0	0	3	0.7028	0.1017	0	0	1	0.3048	0.1017	0	0	2	0.3569	0.1864	0	0	2	0.4345	0.2034	0	0	3	0.5502	2.8136	3	0	13	2.4528	0.5424	0	0	4	0.8968	0.3051	0	0	3	0.65	10.8136	7	0	45	9.7388	0.4237	0	0	4	0.8945	0.0847	0	0	2	0.3367	0.0847	0	0	1	0.2809	0.0678	0	0	2	0.3143	205.4746	205	17	538	138.4886	365.2373	340	18	903	240.2091	6.7288	5	0	20	5.2484	10.0678	9	1	28	6.5281	2.2712	2	0	9	1.8922	0.3729	0	0	3	0.6669	0.3729	0	0	2	0.5539
JHH368ROI005_ROI_005.ome.tif	6c4c0243-6844-461c-b9c1-049815b0f2e8	Detection		Other: CD8 T cell	Annotation	Polygon	4.378	69.58	0.7633	49.7111	26.5801	0.8842	1	9.5079	7.4549	4481.3726	4527	3906	5043	251.6407	0.9412	1	0	6	1.2068	0.3529	0	0	2	0.5594	3.2157	3	0	9	2.2743	1.2549	0	0	38	5.3473	1.6863	1	0	5	1.4627	25.8039	25	14	48	7.4994	38.5686	38	26	54	6.5643	0.1373	0	0	1	0.3475	0.1569	0	0	2	0.4182	5.2353	2	0	30	7.3228	0.6863	0	0	5	1.0486	16.1176	13	3	50	10.4415	0.7451	1	0	2	0.7961	0.4314	0	0	2	0.6084	0.098	0	0	2	0.3608	0.1961	0	0	2	0.4907	0.1569	0	0	2	0.4182	0.098	0	0	1	0.3003	0.1961	0	0	2	0.4481	0.4902	0	0	8	1.3766	1.2157	0	0	26	4.3969	0.7059	0	0	5	1.154	0.0196	0	0	1	0.14	0	0	0	0	0	0.3529	0	0	2	0.5941	0.2157	0	0	2	0.5025	0.3529	0	0	4	0.7956	0.2941	0	0	2	0.6097	0.549	0	0	3	0.7567	20.8627	15	0	74	19.0882	0.9412	0	0	9	1.6051	0.4902	0	0	4	0.9246	2.9608	2	0	23	4.3998	0.8431	0	0	4	1.0839	1.2549	0	0	9	2.2525	0.2745	0	0	5	0.802	0.2549	0	0	2	0.5232	3.1961	2	0	13	3.0985	2.7059	2	0	13	2.9072	0.4314	0	0	5	0.985	0.0784	0	0	1	0.2715	0.6667	0	0	4	1.0893	0.5098	0	0	2	0.7314	0.0588	0	0	1	0.2376	0.0784	0	0	1	0.2715	0.0784	0	0	1	0.2715	262.8627	225	38	629	147.7957	478.6471	412	65	1143	271.5016	5.451	5	0	18	3.77	8.3725	5	0	34	7.5603	2.2353	2	0	12	2.1316	0.451	0	0	4	0.7018	0.7255	0	0	3	0.8962
JHH368ROI005_ROI_005.ome.tif	5698745c-21ce-4e1d-9ce6-5eac95b7b0dc	Detection		Other	Annotation	Polygon	9.181	78.32	0.7249	37.9631	23.6263	0.8546	1	9.0067	6.0278	4588.1577	4592.5	4036	5059	266.0943	0.1842	0	0	1	0.3929	0.2895	0	0	2	0.6111	3.7632	2	0	17	4.1618	0.3421	0	0	2	0.5825	1.8158	2	0	5	1.4305	24.6842	24	12	42	6.7748	39.0789	38.5	25	61	8.8084	0.0789	0	0	1	0.2733	0.0789	0	0	1	0.2733	1.6316	1	0	12	2.5513	0.3684	0	0	2	0.6334	9.0526	7	0	25	7.2221	0.4474	0	0	2	0.6017	0.2105	0	0	1	0.4132	0.0789	0	0	1	0.2733	0.0789	0	0	1	0.2733	0.1579	0	0	1	0.3695	0.2632	0	0	2	0.5032	0.1579	0	0	3	0.5466	0.0789	0	0	1	0.2733	4.3158	2	0	19	5.2716	0.1579	0	0	2	0.4366	0.0789	0	0	1	0.2733	0	0	0	0	0	0.3684	0	0	2	0.7136	0.4474	0	0	2	0.645	0.3947	0	0	5	0.9455	0.2632	0	0	5	0.8601	0.0789	0	0	1	0.2733	0.3421	0	0	2	0.6271	0.2632	0	0	2	0.5032	0.5	0	0	4	1.1089	1.2368	1	0	9	1.731	0.8158	1	0	4	1.0096	0.2632	0	0	2	0.5543	0.1053	0	0	2	0.3883	0.3947	0	0	5	1.0277	0.1579	0	0	1	0.3695	3.1579	2	0	11	2.8901	0.5263	0	0	5	0.9792	0.1316	0	0	1	0.3426	0.2368	0	0	2	0.4896	0.5789	0	0	5	1.0813	0.0263	0	0	1	0.1622	0.1316	0	0	2	0.414	0.1316	0	0	2	0.414	222.0789	146.5	21	735	189.0216	405.8947	303.5	27	1367	350.6234	6.1316	5	0	18	4.3007	4.0263	3	0	10	2.8426	1.5789	1	0	6	1.482	0.2105	0	0	1	0.4132	0.4474	0	0	3	0.7952
JHH368ROI005_ROI_005.ome.tif	5aa12d38-76e7-4fff-a399-00e4ed154f28	Detection		Other	Annotation	Polygon	61.44	5.193	0.6685	37.7533	23.2877	0.8748	1	8.4513	5.981	4589	4625.5	4019	5215	292.8961	0.1389	0	0	1	0.3507	0.25	0	0	2	0.5	3.4167	2	0	14	3.3498	0.6389	0	0	3	0.7983	1.5	1	0	7	1.4243	25.6111	26	12	47	6.7582	39.4444	39	26	56	7.6623	0.25	0	0	1	0.4392	0.0278	0	0	1	0.1667	5.3611	4.5	0	25	4.9751	0.1389	0	0	2	0.4245	5.1111	3	0	30	6.205	0.3333	0	0	3	0.6325	0.2222	0	0	2	0.4847	0.1111	0	0	1	0.3187	0	0	0	0	0	0	0	0	0	0	0.0833	0	0	1	0.2803	0.0556	0	0	1	0.2323	0.0556	0	0	1	0.2323	0.2222	0	0	1	0.4216	0.0278	0	0	1	0.1667	0.0556	0	0	1	0.2323	0	0	0	0	0	0.1111	0	0	2	0.3984	0.0833	0	0	2	0.3684	0.1667	0	0	2	0.5071	0.1389	0	0	1	0.3507	0.0278	0	0	1	0.1667	0.1111	0	0	3	0.5225	0.25	0	0	3	0.6492	0.1389	0	0	3	0.5426	4.2778	4	0	15	3.7615	0.1667	0	0	1	0.378	0.1111	0	0	1	0.3187	0	0	0	0	0	0.1944	0	0	4	0.7491	0.1111	0	0	1	0.3187	0.8333	1	0	3	0.9411	0.2778	0	0	4	0.7411	0.0278	0	0	1	0.1667	0.4167	0	0	2	0.6918	0.0278	0	0	1	0.1667	0.0278	0	0	1	0.1667	0.0556	0	0	1	0.2323	0.0556	0	0	1	0.2323	116.8889	114	11	229	65.5547	214.7778	221.5	12	393	114.8348	2.7778	3	0	10	2.3918	2.8611	2	0	12	3.072	2.0278	2	0	7	1.8744	0.3611	0	0	3	0.7983	0.5833	0	0	5	1.1802
JHH368ROI005_ROI_005.ome.tif	35b53cf0-7409-4995-80a0-7f54fbbbdcfc	Detection		Other	Annotation	Polygon	87.08	51.5	0.5983	23.8743	18.4215	0.8841	1	6.4676	5.029	4440.2915	4472	3903	4867	197.0254	0.375	0	0	2	0.6469	0.1667	0	0	1	0.3807	1.9167	2	0	5	1.5857	0.375	0	0	2	0.5758	1.875	1	0	5	1.8252	23.125	23	13	42	6.0671	40.4583	41.5	27	49	5.8531	0.2083	0	0	1	0.4149	0.0833	0	0	1	0.2823	1.1667	1	0	3	0.9631	0.125	0	0	1	0.3378	1.4167	0.5	0	6	1.7673	0.375	0	0	3	0.7697	0.5	0	0	2	0.7223	0.0833	0	0	1	0.2823	0.2083	0	0	1	0.4149	0	0	0	0	0	0	0	0	0	0	0.1667	0	0	1	0.3807	0	0	0	0	0	0.8333	0	0	6	1.6061	0.1667	0	0	2	0.4815	0.0833	0	0	1	0.2823	0	0	0	0	0	0.6667	0	0	4	0.9631	0.125	0	0	2	0.4484	0.0833	0	0	1	0.2823	0	0	0	0	0	0.125	0	0	1	0.3378	0.2083	0	0	2	0.509	0.1667	0	0	2	0.4815	0	0	0	0	0	0.375	0	0	2	0.6469	0.1667	0	0	2	0.4815	0.125	0	0	1	0.3378	0.0417	0	0	1	0.2041	0.0833	0	0	1	0.2823	0.0833	0	0	1	0.2823	0.75	0.5	0	3	0.8969	0.0833	0	0	1	0.2823	0.0833	0	0	1	0.2823	4.2917	2	0	17	4.7956	0.2917	0	0	2	0.6241	0.1667	0	0	2	0.4815	0	0	0	0	0	0.0417	0	0	1	0.2041	217.0417	210.5	23	422	118.0687	389.7083	364	39	725	204.4969	2.375	2	0	7	2.0602	9.2917	8.5	1	19	4.7866	1.9583	2	0	8	1.9444	0.25	0	0	2	0.6079	0.2083	0	0	1	0.4149
JHH368ROI005_ROI_005.ome.tif	80c95400-5353-4dca-a9bc-e28dfa7f3e78	Detection		Other: CAF	Annotation	Polygon	46.04	14.49	0.5924	54.6347	30.3543	0.7451	1	12.2442	5.782	4584.4258	4550	4073	5252	261.0074	0.2037	0	0	3	0.5277	0.3704	0	0	4	0.7842	4.463	5	0	14	2.7384	0.3889	0	0	1	0.4921	1.7778	1	0	6	1.5255	24.2593	23.5	11	36	5.3735	39.5556	40	18	58	7.9234	0.1852	0	0	3	0.5167	0.0741	0	0	2	0.3281	9.9259	8.5	1	31	7.2914	1.6852	2	0	5	1.3006	4.6667	3.5	0	21	4.3307	0.2407	0	0	2	0.4733	0.2778	0	0	4	0.7627	0.0556	0	0	1	0.2312	0.037	0	0	1	0.1906	0.0926	0	0	2	0.3512	0.0185	0	0	1	0.1361	0.0185	0	0	1	0.1361	0.0741	0	0	2	0.3281	0.2037	0	0	4	0.6258	0.1111	0	0	2	0.372	0.037	0	0	1	0.1906	0	0	0	0	0	0.2963	0	0	4	0.743	0.3519	0	0	3	0.6773	0.1667	0	0	2	0.4234	0.2778	0	0	5	0.8107	0.0185	0	0	1	0.1361	0.1296	0	0	2	0.3908	0.2778	0	0	2	0.5636	0.3333	0	0	3	0.7268	3.6296	3	0	14	3.3098	0.2593	0	0	3	0.6781	0.1296	0	0	2	0.3908	0.2037	0	0	3	0.5623	0.2222	0	0	2	0.5719	0.0926	0	0	1	0.2926	1.4815	1	0	8	1.6681	0.3889	0	0	3	0.6845	0.1111	0	0	1	0.3172	0.4444	0	0	2	0.7439	0.2593	0	0	2	0.5887	0.0185	0	0	1	0.1361	0.0556	0	0	1	0.2312	0.0556	0	0	2	0.302	191.0556	184	35	366	91.197	340.9259	332.5	69	688	164.0047	3	2	0	9	2.4107	4.4074	4	1	13	2.5882	1.7778	1.5	0	7	1.5621	0.3889	0	0	2	0.5961	0.7222	0	0	5	1.1883
JHH368ROI005_ROI_005.ome.tif	993f99dc-a1cd-402c-aea5-0244a5623716	Detection		Other	Annotation	Polygon	58.18	24.09	0.5835	30.5231	21.1752	0.8554	1	8.1042	5.2548	4515	4490	3945	5112	288.8903	0.2667	0	0	2	0.5208	0.4667	0	0	4	0.8996	4.6	3	0	16	4.4069	0.5	0	0	2	0.6823	2.2667	2	0	7	1.6386	26.0333	25	13	41	6.531	37.9333	38.5	25	51	6.4537	0.1	0	0	2	0.4026	0.0667	0	0	1	0.2537	10.5667	3	0	54	16.0359	0.2667	0	0	2	0.5208	3.6333	2	0	17	4.4759	0.4333	0	0	2	0.6789	0.8	0	0	5	1.1265	0.0667	0	0	1	0.2537	0.4667	0	0	6	1.306	0.0667	0	0	1	0.2537	0.2333	0	0	3	0.6261	0	0	0	0	0	0.1333	0	0	1	0.3457	0.6	0	0	6	1.2758	0.0667	0	0	1	0.2537	0	0	0	0	0	0	0	0	0	0	0.6	0	0	4	1.0372	0.1	0	0	1	0.3051	0.1	0	0	1	0.3051	0.1333	0	0	2	0.4342	0.0667	0	0	1	0.2537	0.3333	0	0	3	0.7581	0.3	0	0	4	0.7944	0.1667	0	0	3	0.5921	0.5667	0	0	5	1.1351	0.1667	0	0	2	0.5307	0.1	0	0	2	0.4026	0	0	0	0	0	0.1	0	0	1	0.3051	0.1	0	0	1	0.3051	1.2667	1	0	5	1.4126	0.3	0	0	2	0.6513	0.2	0	0	2	0.4842	4.7333	3	0	17	4.5632	0.2333	0	0	2	0.5683	0.1	0	0	1	0.3051	0.1333	0	0	2	0.4342	0.0333	0	0	1	0.1826	162.9	181	3	429	127.5624	304.6	359	8	773	238.5416	3.9	3	0	11	3.3871	8.9333	7	0	36	9.2212	2.0667	2	0	7	1.9815	0.2	0	0	3	0.6103	0.3333	0	0	2	0.6065
JHH368ROI005_ROI_005.ome.tif	c6283744-d80e-4573-89d4-7ff9039ba758	Detection		HLA-DR: Other	Annotation	Polygon	59.86	40.6	0.5678	34.9647	23.276	0.811	1	9.0485	5.2156	4483.5278	4468	4069	5024	246.003	0.1944	0	0	2	0.5248	0.2778	0	0	2	0.6595	6.6667	5	0	19	4.8697	0.6667	0	0	3	0.8281	1.2222	1	0	5	1.2215	23.4722	24	9	38	6.6568	37.2778	36	25	51	6.3047	0.0833	0	0	1	0.2803	0.0833	0	0	1	0.2803	18.0278	15.5	1	49	13.2697	0.8611	1	0	3	0.99	4.4167	3	0	23	4.4232	0.25	0	0	3	0.6036	0.2222	0	0	2	0.5404	0.0278	0	0	1	0.1667	0.1944	0	0	2	0.5248	0.3056	0	0	4	0.8559	0.1111	0	0	1	0.3187	0.0556	0	0	1	0.2323	0.1111	0	0	1	0.3187	0.25	0	0	2	0.5542	0.0278	0	0	1	0.1667	0.0556	0	0	1	0.2323	0	0	0	0	0	0.2778	0	0	5	0.9137	0.3333	0	0	2	0.5855	0.1667	0	0	3	0.5606	0.0833	0	0	1	0.2803	0.1667	0	0	2	0.4472	0.1944	0	0	1	0.4014	0.25	0	0	3	0.6036	0.2222	0	0	3	0.5909	3.1667	3	0	10	2.8835	0.1944	0	0	2	0.4672	0.0556	0	0	1	0.2323	0.0556	0	0	1	0.2323	0.3056	0	0	2	0.5248	0.2222	0	0	2	0.4847	1.1944	1	0	6	1.4505	0.5556	0	0	4	0.9085	0.3889	0	0	4	0.9344	28.4167	8.5	0	117	34.0356	0.4722	0	0	2	0.6088	0.0833	0	0	1	0.2803	0.0556	0	0	1	0.2323	0.0833	0	0	1	0.2803	206.25	187	29	403	95.7719	367.8333	337	81	753	175.196	3.1111	2	0	10	2.5498	4.9444	4	0	15	3.8093	1.3889	1	0	5	1.3369	0.4167	0	0	2	0.6918	0.9722	1	0	5	1.1585
JHH368ROI005_ROI_005.ome.tif	3e4c602a-b0f4-42ee-b1ce-fb41c8c3a9ed	Detection		Other	Annotation	Polygon	23.36	4.2	0.5581	32.446	21.5612	0.8771	1	8.0931	5.3833	4564.394	4528	4172	5161	258.4545	0.1818	0	0	1	0.3917	0.4848	0	0	3	0.7953	1.8182	2	0	5	1.3568	0.2727	0	0	2	0.5168	1.5152	1	0	5	1.5232	24.1818	24	14	37	5.7252	37.697	37	20	52	6.9798	0.1212	0	0	2	0.4151	0.0303	0	0	1	0.1741	2.2121	0	0	28	5.2007	0.0606	0	0	1	0.2423	3.697	2	0	15	4.0734	0.1212	0	0	2	0.4151	0.1212	0	0	2	0.4151	0.0303	0	0	1	0.1741	0.0303	0	0	1	0.1741	0.0606	0	0	2	0.3482	0	0	0	0	0	0.0909	0	0	3	0.5222	0.1212	0	0	1	0.3314	0.0303	0	0	1	0.1741	0.0303	0	0	1	0.1741	0	0	0	0	0	0	0	0	0	0	0.0909	0	0	2	0.3844	0.0909	0	0	1	0.2919	0.0606	0	0	1	0.2423	0.2424	0	0	3	0.6629	0.0606	0	0	1	0.2423	0.0606	0	0	1	0.2423	0.1212	0	0	2	0.4151	0.0303	0	0	1	0.1741	2.6667	1	0	21	4.4977	0.0909	0	0	1	0.2919	0.0606	0	0	1	0.2423	0.0303	0	0	1	0.1741	0.0303	0	0	1	0.1741	0.0606	0	0	1	0.2423	1.0303	0	0	5	1.4467	0.1818	0	0	2	0.4647	0.0303	0	0	1	0.1741	0.6667	0	0	4	1.0206	0.3636	0	0	3	0.7833	0	0	0	0	0	0.0606	0	0	1	0.2423	0	0	0	0	0	147.697	145	14	378	100.9927	264.7273	268	25	615	174.7109	2.6667	2	0	10	2.4066	2.7576	2	0	10	3.0622	1.303	1	0	5	1.3575	0.2727	0	0	2	0.5741	0.4848	0	0	2	0.6185
JHH368ROI005_ROI_005.ome.tif	f36ccd50-db66-4141-a57f-bc56f873c145	Detection		Other	Annotation	Polygon	77.5	70.77	0.5435	50.3293	29.2114	0.7412	1	11.739	5.7198	4590.5688	4582	3940	5267	279.462	0.0588	0	0	1	0.2376	0.3725	0	0	2	0.6312	3.9216	3	0	12	2.8414	0.3137	0	0	2	0.5474	1.3725	1	0	5	1.2484	25.4118	25	8	37	6.2966	39.0392	39	19	56	8.388	0.2157	0	0	3	0.5767	0.098	0	0	2	0.3608	9.4706	6	0	60	10.6402	0.549	0	0	4	0.8789	2.6863	1	0	17	3.0626	0.0588	0	0	1	0.2376	0.1765	0	0	3	0.5552	0.0196	0	0	1	0.14	0.0196	0	0	1	0.14	0.098	0	0	2	0.3608	0.0392	0	0	1	0.196	0.0392	0	0	1	0.196	0	0	0	0	0	0.2941	0	0	3	0.7013	0.0784	0	0	3	0.4401	0	0	0	0	0	0	0	0	0	0	0.098	0	0	1	0.3003	0.2353	0	0	4	0.7372	0.1569	0	0	2	0.4182	0.1176	0	0	2	0.3819	0.0588	0	0	1	0.2376	0.1569	0	0	2	0.4182	0.098	0	0	1	0.3003	0.1176	0	0	1	0.3254	0.8627	1	0	6	1.2493	0.0392	0	0	1	0.196	0.0784	0	0	3	0.4401	0.098	0	0	2	0.3608	0.098	0	0	1	0.3003	0.0196	0	0	1	0.14	0.8039	1	0	3	0.9385	0.3725	0	0	3	0.72	0.0784	0	0	1	0.2715	0.7647	0	0	5	1.1241	0.1765	0	0	2	0.4339	0.0588	0	0	1	0.2376	0.0196	0	0	1	0.14	0.0392	0	0	1	0.196	101.0784	84	9	278	73.4035	182.7255	142	13	476	136.2555	2.2157	2	0	8	1.9526	3.6078	2	0	28	4.8087	1.5882	1	0	8	2.0413	0.3333	0	0	3	0.6831	0.6275	0	0	5	1.1993
JHH368ROI005_ROI_005.ome.tif	278856ac-3755-440c-a8f8-3145ddec9aaf	Detection		Other: CAF	Annotation	Polygon	2.94	85.96	0.5425	40.3622	24.145	0.87	1	8.9158	5.8477	4483.5127	4468	4101	4965	223.2453	0.4872	0	0	4	0.8847	0.3077	0	0	2	0.5208	2.4103	2	0	10	2.209	0.3333	0	0	3	0.6623	1.2564	1	0	5	1.3122	23.8974	24	11	37	6.4514	37.8205	38	24	54	7.0892	0.2308	0	0	2	0.5361	0.1282	0	0	1	0.3387	7.1538	4	0	41	9.278	0.3077	0	0	2	0.5691	14.5385	9	1	51	12.6301	0.4872	0	0	3	0.7208	2.5641	2	0	7	2.198	0.1538	0	0	1	0.3655	0.5128	0	0	6	1.2539	0.0256	0	0	1	0.1601	0.2051	0	0	2	0.5221	0.0769	0	0	2	0.3543	0.3333	0	0	4	0.7723	0.2821	0	0	2	0.5595	0.4872	0	0	2	0.7208	0.1026	0	0	2	0.3835	0.1282	0	0	4	0.6561	2.0256	2	0	8	1.8986	0.2051	0	0	3	0.5703	0.359	0	0	2	0.6277	0.1282	0	0	2	0.4091	0.0256	0	0	1	0.1601	0.1795	0	0	1	0.3888	0.1795	0	0	2	0.4514	0.1282	0	0	1	0.3387	0.359	0	0	2	0.5374	0.1795	0	0	2	0.5064	1.5641	0	0	20	3.6548	0.7436	0	0	6	1.2715	0.2821	0	0	3	0.7591	2.1538	1	0	8	2.1465	1.2564	1	0	5	1.3322	0.2564	0	0	2	0.4983	0.0256	0	0	1	0.1601	2.4872	1	0	17	4.217	0.1026	0	0	3	0.5024	0.0513	0	0	1	0.2235	0.0256	0	0	1	0.1601	0	0	0	0	0	145.8974	144	18	322	73.6059	261.2051	248	33	525	133.1363	3.7179	3	0	15	3.4024	11.5128	9	1	40	9.6869	2.1795	1	0	12	2.7229	0.3846	0	0	4	0.7819	0.6923	0	0	4	1.0798
JHH368ROI005_ROI_005.ome.tif	4f991546-2b65-496e-bc33-530b5142b7ed	Detection		Other: CAF	Annotation	Polygon	17.22	83.69	0.5364	47.397	27.7872	0.7714	1	11.0828	5.9258	4471.646	4505.5	3862	4839	224.4622	0.0833	0	0	1	0.2793	0.4583	0	0	5	0.8495	3.8125	3	0	12	2.4981	0.3333	0	0	3	0.6631	1.7917	2	0	5	1.2197	24.75	24.5	14	37	5.4558	38.625	37	20	57	8.4743	0.1667	0	0	1	0.3766	0.0417	0	0	1	0.2019	5.4792	5	0	14	3.0527	0.5	0	0	3	0.7438	6.8542	6	0	20	4.3905	0.1667	0	0	1	0.3766	0.625	0	0	3	0.866	0.0417	0	0	1	0.2019	0.0625	0	0	1	0.2446	0.1042	0	0	3	0.4722	0.1042	0	0	2	0.3713	0.1042	0	0	1	0.3087	0	0	0	0	0	0.4375	0	0	3	0.7118	0.0833	0	0	1	0.2793	0.1875	0	0	3	0.5708	0	0	0	0	0	0.4167	0	0	3	0.7096	0.2917	0	0	2	0.5035	0.125	0	0	2	0.4436	0.1667	0	0	2	0.4294	0.1667	0	0	3	0.5191	0.2083	0	0	1	0.4104	0.4583	0	0	3	0.7978	0.125	0	0	2	0.3928	10.4167	10	1	32	7.0796	0.3333	0	0	3	0.6631	0.1875	0	0	3	0.5708	0.0208	0	0	1	0.1443	0.2083	0	0	1	0.4104	0.1458	0	0	2	0.412	2.4167	2	0	10	2.2202	0.6042	0	0	4	0.792	0.1667	0	0	2	0.4294	0.3542	0	0	2	0.601	0.7083	0.5	0	3	0.8495	0.0625	0	0	1	0.2446	0.0833	0	0	1	0.2793	0.1042	0	0	2	0.3713	178.6458	176.5	35	296	66.9336	317.7083	324	83	526	122.4795	3	2.5	0	9	2.2971	3.3125	2	0	11	2.7301	1.9375	2	0	8	1.8382	0.375	0	0	3	0.7614	0.8333	0.5	0	6	1.191
JHH368ROI005_ROI_005.ome.tif	6c48a0be-6fdb-4ff2-ac1f-cc89d5136324	Detection		Other: CAF	Annotation	Polygon	49.65	51.01	0.5141	21.9103	19.3495	0.7354	1	7.7867	3.9427	4568	4594	4051	5117	271.1451	0.15	0	0	1	0.3663	0.35	0	0	3	0.7452	9.15	9	4	19	3.6314	0.9	0	0	5	1.3338	1.5	1	0	5	1.3955	23.95	24	15	33	5.1039	35.05	35	21	45	6.4927	0.1	0	0	1	0.3078	0.15	0	0	1	0.3663	118.15	79	12	270	86.3093	2.8	2.5	0	9	2.5464	2.9	2.5	0	9	2.8266	0.25	0	0	2	0.5501	0.45	0	0	2	0.6048	0.05	0	0	1	0.2236	0.15	0	0	1	0.3663	0.95	0	0	12	2.6848	0.15	0	0	3	0.6708	0.2	0	0	1	0.4104	0.2	0	0	2	0.5231	0.25	0	0	1	0.4443	0.3	0	0	6	1.3416	0.35	0	0	3	0.9333	0	0	0	0	0	0.55	0	0	3	0.887	0.9	1	0	3	0.9119	0.6	0	0	4	1.1425	0.4	0	0	3	0.8826	0.1	0	0	1	0.3078	0.1	0	0	1	0.3078	0.15	0	0	2	0.4894	0.2	0	0	1	0.4104	8.7	6.5	0	29	8.2021	0.6	0.5	0	2	0.6806	0.3	0	0	4	0.9234	0.05	0	0	1	0.2236	0.9	1	0	3	0.9679	0.45	0	0	3	0.887	2.8	2	0	8	2.2384	0.3	0	0	1	0.4702	0.15	0	0	1	0.3663	3.9	2.5	0	12	3.5821	0.2	0	0	2	0.6156	0.15	0	0	1	0.3663	0	0	0	0	0	0	0	0	0	0	88.35	93.5	9	199	55.2776	148.15	139	23	368	89.4235	3.25	1.5	0	11	3.611	18.8	14	2	53	14.0922	2	1	0	7	1.9194	0.1	0	0	1	0.3078	1.1	1	0	6	1.4832
JHH368ROI005_ROI_005.ome.tif	8a62614a-2867-4b5f-94b9-cadc4218b334	Detection		Other	Annotation	Polygon	45.51	4.432	0.4968	30.1963	20.8829	0.8701	0.9811	7.2972	5.703	4612.7334	4607	4213	5195	231.6256	0.4333	0	0	2	0.6789	0.3	0	0	3	0.7022	3	3	0	10	2.6392	0.3667	0	0	2	0.5561	1.1	1	0	3	0.9948	26.3667	27	14	44	7.9891	42.7	44	30	57	7.5391	0.2	0	0	1	0.4068	0.0333	0	0	1	0.1826	1.4667	0	0	17	3.2349	0.3	0	0	3	0.7022	2.8	2	0	11	2.7718	0.1	0	0	1	0.3051	0.2667	0	0	2	0.5208	0.1	0	0	1	0.3051	0.0667	0	0	2	0.3651	0.1	0	0	3	0.5477	0.1333	0	0	2	0.5074	0.0667	0	0	1	0.2537	0.0333	0	0	1	0.1826	0.2333	0	0	2	0.504	0.1333	0	0	1	0.3457	0.0667	0	0	1	0.2537	0	0	0	0	0	0.6333	0	0	3	0.9994	0.0333	0	0	1	0.1826	0.1333	0	0	2	0.4342	0	0	0	0	0	0.1	0	0	1	0.3051	0.2	0	0	2	0.4842	0.0667	0	0	1	0.2537	0.0333	0	0	1	0.1826	0.3333	0	0	3	0.7112	0.0667	0	0	1	0.2537	0	0	0	0	0	0.0333	0	0	1	0.1826	0.0333	0	0	1	0.1826	0.2667	0	0	2	0.6397	0.9	0	0	7	1.5391	0.1	0	0	1	0.3051	0.0333	0	0	1	0.1826	6.8667	4.5	0	22	6.7504	0.0333	0	0	1	0.1826	0.1	0	0	1	0.3051	0.0333	0	0	1	0.1826	0	0	0	0	0	126.5667	123	10	299	89.5301	227.5333	201	22	484	158.3248	2.5	2	0	13	2.6878	3.9	3	0	17	3.556	1.3	1	0	5	1.3684	0.6	0	0	4	1.07	0.8667	1	0	3	0.8996
JHH368ROI005_ROI_005.ome.tif	b12095bb-afc3-4db2-b7c9-31deaa1bb965	Detection		Other: CAF	Annotation	Polygon	54.32	55.54	0.488	26.7544	23.8732	0.5899	0.9023	8.4747	4.3377	4527.7036	4537	4142	5172	243.7042	0.1111	0	0	1	0.3203	0.5926	0	0	3	0.8439	10.7778	9	3	22	5.3875	1.037	1	0	6	1.3723	1.6296	1	0	7	1.4715	25.6296	25	14	44	8.101	40.1481	38	26	59	8.4521	0.1111	0	0	2	0.4237	0.1111	0	0	1	0.3203	147.7037	142	5	335	86.7445	2.9259	2	0	16	3.3273	6.8519	4	0	23	6.6835	0.5556	0	0	3	0.8473	0.9259	1	0	4	1.2066	0.1111	0	0	1	0.3203	0.1481	0	0	1	0.362	0.3704	0	0	2	0.6293	0.2222	0	0	2	0.5064	0.4074	0	0	2	0.636	0.1111	0	0	1	0.3203	0.3333	0	0	2	0.6202	0.4444	0	0	5	1.05	0.1111	0	0	3	0.5774	0	0	0	0	0	0.7037	0	0	3	0.8689	0.4444	0	0	2	0.698	0.4815	0	0	4	0.9352	0.2593	0	0	2	0.5257	0.2593	0	0	2	0.5944	0.2593	0	0	2	0.5257	0.5185	0	0	2	0.753	0.6667	0	0	5	1.271	7.1111	5	0	24	6.5359	0.4815	0	0	2	0.6427	0.2593	0	0	2	0.5257	0.0741	0	0	1	0.2669	0.9259	0	0	4	1.238	0.4444	0	0	3	0.7511	2.7407	2	0	10	2.2633	0.5926	0	0	3	0.8884	0.2963	0	0	2	0.5417	2.6296	2	0	8	2.022	0.2963	0	0	3	0.724	0.0741	0	0	1	0.2669	0.037	0	0	1	0.1925	0	0	0	0	0	105.8889	99	19	228	63.1429	183.7778	180	43	438	111.6414	5.2593	4	0	13	3.4928	17.7407	18	5	40	8.7072	2.8148	3	0	5	1.3878	0.4815	0	0	5	1.0514	1.1481	1	0	4	1.3215
JHH368ROI005_ROI_005.ome.tif	469e92ac-7d7e-4b95-b422-6b620631b068	Detection		Other	Annotation	Polygon	86.17	76.02	0.3653	31.4693	22.2119	0.8015	1	8.4402	5.1868	4484.8711	4501	3946	4932	254.3905	0.0968	0	0	2	0.3962	0.1935	0	0	2	0.4774	3.6129	3	0	9	2.3899	0.4839	0	0	5	0.9957	0.9355	1	0	4	1.0307	24.7419	26	11	37	5.7964	38.9677	38	22	58	7.8379	0.1613	0	0	1	0.3739	0.0323	0	0	1	0.1796	6.5484	5	0	24	6.4438	0.3226	0	0	4	0.8321	3.5161	4	0	7	1.9642	0.1613	0	0	1	0.3739	0.0645	0	0	1	0.2497	0	0	0	0	0	0	0	0	0	0	0.0323	0	0	1	0.1796	0	0	0	0	0	0.0968	0	0	2	0.3962	0.0323	0	0	1	0.1796	0.0968	0	0	1	0.3005	0.0323	0	0	1	0.1796	0	0	0	0	0	0	0	0	0	0	0.0645	0	0	1	0.2497	0.0645	0	0	1	0.2497	0.129	0	0	1	0.3408	0.0323	0	0	1	0.1796	0.0968	0	0	1	0.3005	0.1613	0	0	2	0.4544	0.0968	0	0	1	0.3005	0.0323	0	0	1	0.1796	0.129	0	0	1	0.3408	0.1935	0	0	1	0.4016	0	0	0	0	0	0.0323	0	0	1	0.1796	0.0323	0	0	1	0.1796	0.129	0	0	1	0.3408	0.8387	1	0	4	1.1283	0	0	0	0	0	0.0645	0	0	1	0.2497	0.9032	1	0	5	1.3001	0	0	0	0	0	0.0645	0	0	1	0.2497	0	0	0	0	0	0	0	0	0	0	92.0645	100	13	197	49.4476	159.1613	150	19	317	88.0901	1.8065	2	0	6	1.5148	1.7097	1	0	11	2.2977	1.0323	1	0	4	0.9826	0.2258	0	0	2	0.4973	0.3226	0	0	2	0.5408
JHH368ROI005_ROI_005.ome.tif	15d25964-53ae-43a6-a1ca-06c381d232c4	Detection		Other	Annotation	Polygon	69.38	34.75	0.3162	17.2864	16.221	0.8256	1	5.9274	4.2625	4634.2354	4587	4017	5005	269.8366	0.2353	0	0	3	0.7524	0.3529	0	0	2	0.6063	6.2941	6	1	13	3.331	1	1	0	3	1.0607	1.7059	1	0	5	1.7235	28.7059	29	16	41	6.4301	38.6471	41	23	57	9.4667	0.1176	0	0	1	0.3321	0	0	0	0	0	10.7059	9	1	22	6.1722	0.4706	0	0	1	0.5145	5	3	0	19	5.2915	0.6471	0	0	3	0.9963	0.5294	0	0	2	0.7174	0	0	0	0	0	0.0588	0	0	1	0.2425	0.1176	0	0	1	0.3321	0.1176	0	0	1	0.3321	0.1765	0	0	2	0.5286	0.1176	0	0	1	0.3321	0.2353	0	0	1	0.4372	0	0	0	0	0	0.1176	0	0	1	0.3321	0	0	0	0	0	0.4118	0	0	3	0.7952	0.1176	0	0	1	0.3321	0.1176	0	0	1	0.3321	0	0	0	0	0	0	0	0	0	0	0.1765	0	0	2	0.5286	0.1765	0	0	2	0.5286	0.0588	0	0	1	0.2425	0.6471	1	0	2	0.7019	0.1765	0	0	2	0.5286	0.0588	0	0	1	0.2425	0.0588	0	0	1	0.2425	0.2353	0	0	2	0.5623	0.2941	0	0	3	0.7717	1.0588	1	0	5	1.3906	0.1765	0	0	1	0.393	0.1176	0	0	1	0.3321	3.6471	2	0	12	3.8559	0.2353	0	0	3	0.7524	0	0	0	0	0	0	0	0	0	0	0.0588	0	0	1	0.2425	64.1176	42	5	182	55.0408	112.2941	82	15	297	93.2917	2.5294	2	0	8	2.154	4.4706	5	0	11	3.0232	1.6471	1	0	8	2.2897	0.3529	0	0	3	0.8618	0.2941	0	0	1	0.4697
JHH368ROI005_ROI_005.ome.tif	5d5250cc-4df2-431d-ac2d-e5a5cb4dd4a0	Detection		Other	Annotation	Polygon	21.39	-1.344	0.2203	24.7627	22.5786	0.6104	0.9024	9.3744	4.3631	4502.7998	4502	4031	4826	318.7063	0.2	0	0	1	0.4472	0.6	0	0	2	0.8944	3.2	3	2	6	1.6432	0.4	0	0	1	0.5477	0.8	1	0	2	0.8367	23.6	23	20	29	3.9115	33.4	33	28	38	3.8471	0	0	0	0	0	0.4	0	0	1	0.5477	0.6	1	0	1	0.5477	0	0	0	0	0	1.4	1	0	4	1.6733	0	0	0	0	0	0	0	0	0	0	0	0	0	0	0	0	0	0	0	0	0	0	0	0	0	0	0	0	0	0	0	0	0	0	0	0	0	0	0	0	0	0	0	0	0	0	0	0	0	0	0	0	0	0	0	0	0	0	0	0	0.2	0	0	1	0.4472	0	0	0	0	0	0	0	0	0	0	0	0	0	0	0	0	0	0	0	0	0.2	0	0	1	0.4472	0.4	0	0	1	0.5477	0	0	0	0	0	0.2	0	0	1	0.4472	0	0	0	0	0	0	0	0	0	0	0	0	0	0	0	0	0	0	0	0	0	0	0	0	0	0.6	0	0	3	1.3416	0	0	0	0	0	0.2	0	0	1	0.4472	0.4	0	0	1	0.5477	0	0	0	0	0	0.2	0	0	1	0.4472	0	0	0	0	0	0	0	0	0	0	50.2	42	14	108	34.8884	74.8	49	24	169	57.7339	1.2	1	0	3	1.3038	0.8	0	0	3	1.3038	0	0	0	0	0	0	0	0	0	0	0	0	0	0	0
JHH368ROI005_ROI_005.ome.tif	eac38354-0bdb-44d9-b042-867ca9b5d491	Detection		Other	Annotation	Polygon	46.55	86.91	0.2151	36.8403	25.4947	0.7123	1	10.6349	5.0711	4484.2974	4500	4017	4964	252.1262	0.0811	0	0	1	0.2767	0.3784	0	0	2	0.5452	3.3784	3	0	17	3.3363	0.3243	0	0	2	0.626	1.4054	1	0	7	1.6238	25.2432	24	15	43	6.2955	40.2703	41	21	54	7.8869	0.1892	0	0	2	0.4618	0.027	0	0	1	0.1644	27.4865	19	0	88	23.4315	0.7568	1	0	3	0.9251	10.973	10	0	32	8.0639	0.4324	0	0	5	1.0149	0.2432	0	0	3	0.7229	0	0	0	0	0	0.1081	0	0	1	0.3148	0.1622	0	0	3	0.5534	0.027	0	0	1	0.1644	0.0811	0	0	1	0.2767	0.1081	0	0	3	0.5155	0.0811	0	0	1	0.2767	0.027	0	0	1	0.1644	0.0811	0	0	1	0.2767	0	0	0	0	0	0.4324	0	0	3	0.7652	0.2973	0	0	3	0.7403	0.5135	0	0	7	1.3254	0.1081	0	0	1	0.3148	0.0541	0	0	1	0.2292	0.2703	0	0	2	0.5602	0.1892	0	0	2	0.4618	0.0811	0	0	1	0.2767	1.9189	1	0	8	2.0052	0.0811	0	0	1	0.2767	0.1081	0	0	2	0.3933	0.0541	0	0	1	0.2292	0.3243	0	0	5	0.9145	0.0541	0	0	1	0.2292	0.9459	0	0	6	1.4897	0.3784	0	0	3	0.7583	0.0811	0	0	1	0.2767	0.6486	0	0	5	1.274	0.4054	0	0	4	0.8647	0.0541	0	0	1	0.2292	0	0	0	0	0	0.027	0	0	1	0.1644	28.0541	26	1	72	16.6449	44.8919	41	2	107	28.6073	2.7568	2	0	10	2.1655	9.1892	6	0	33	7.2527	1.6757	1	0	5	1.1798	0.4865	0	0	5	0.9609	0.7027	0	0	4	0.9962
JHH368ROI005_ROI_005.ome.tif	fed15e43-c6fb-47bf-8282-4f59fe108151	Detection		HLA-DR: Other	Annotation	Polygon	22.92	99.5	0.1286	21.2123	17.3392	0.8866	1	6.1131	4.9696	4455.8462	4488	4101	4741	219.1293	0.1538	0	0	1	0.3755	0.3846	0	0	2	0.6504	4.2308	3	0	11	3.2185	0.6154	1	0	2	0.6504	10.3077	6	0	30	9.7158	24.8462	27	17	31	4.8278	38.6154	41	19	51	8.9213	0.2308	0	0	1	0.4385	0.0769	0	0	1	0.2774	13.3846	12	1	33	11.5797	0.6154	0	0	4	1.1209	26.1538	26	9	44	10.3348	0.7692	1	0	3	0.9268	0.7692	1	0	3	0.9268	0.1538	0	0	2	0.5547	5.3077	4	1	16	4.0494	4.2308	0	0	47	12.9045	0.0769	0	0	1	0.2774	0.0769	0	0	1	0.2774	0.0769	0	0	1	0.2774	0.1538	0	0	2	0.5547	0.2308	0	0	3	0.8321	0	0	0	0	0	0	0	0	0	0	3.6923	3	0	10	3.6374	0.6923	0	0	3	1.1821	0.6923	0	0	3	0.9473	0.2308	0	0	1	0.4385	0.6923	0	0	3	1.1094	0.6923	1	0	2	0.6304	2.6154	1	0	9	3.4288	0.8462	1	0	3	0.9871	1.1538	1	0	5	1.281	9.2308	3	0	44	13.8994	0.6154	0	0	3	0.9608	0	0	0	0	0	0.1538	0	0	1	0.3755	2.4615	1	0	8	2.4019	2.6923	2	0	8	2.6578	0.3846	0	0	2	0.6504	0.4615	0	0	4	1.1983	38.2308	35	2	71	20.5433	0.8462	1	0	3	0.8006	0.1538	0	0	1	0.3755	0	0	0	0	0	0	0	0	0	0	20.4615	20	3	63	15.6291	31.9231	32	5	73	22.0245	8.6154	8	4	21	4.4822	15.5385	16	4	30	8.7428	2.3077	2	0	7	2.0569	0.1538	0	0	1	0.3755	0.7692	1	0	2	0.8321
JHH368ROI005_ROI_005.ome.tif	9a679892-68da-4090-9756-bb7f08df4f32	Detection		Other	Annotation	Polygon	94.8	90.21	0.0989	16.5651	15.8955	0.8239	1	5.8309	4.1585	4430.6875	4391	4049	5236	276.7491	0.3125	0	0	1	0.4787	0.3125	0	0	1	0.4787	5.875	5	0	14	4.3951	0.625	0	0	2	0.8851	0.6875	0.5	0	2	0.7932	26.25	28.5	10	39	7.1694	40.25	40.5	24	55	7.6725	0.0625	0	0	1	0.25	0.0625	0	0	1	0.25	32.75	15.5	1	82	32.1548	0.25	0	0	2	0.5774	10.5625	5.5	0	41	12.1873	0.375	0	0	2	0.6191	0.125	0	0	1	0.3416	0	0	0	0	0	0.0625	0	0	1	0.25	0.25	0	0	2	0.5774	0.125	0	0	1	0.3416	0.0625	0	0	1	0.25	0	0	0	0	0	0.375	0	0	2	0.6191	0.0625	0	0	1	0.25	0	0	0	0	0	0	0	0	0	0	0.3125	0	0	2	0.6021	0.3125	0	0	1	0.4787	0.8125	0	0	8	2.0402	0	0	0	0	0	3.375	1.5	0	18	5.3151	0.0625	0	0	1	0.25	0.1875	0	0	1	0.4031	0.0625	0	0	1	0.25	0.125	0	0	1	0.3416	3.4375	2.5	0	12	3.3659	0.125	0	0	1	0.3416	0	0	0	0	0	0.25	0	0	2	0.5774	0	0	0	0	0	1.125	1	0	3	1.0247	0.125	0	0	1	0.3416	0.0625	0	0	1	0.25	1.375	0.5	0	7	1.9279	0	0	0	0	0	0.125	0	0	1	0.3416	0	0	0	0	0	0	0	0	0	0	14.625	9	0	41	13.5049	22.875	16.5	3	59	18.715	4.0625	3	0	11	3.8379	9.1875	9	1	22	6.3374	0.9375	1	0	5	1.2894	0.1875	0	0	1	0.4031	1	1	0	4	1.2111
JHH368ROI005_ROI_005.ome.tif	0ee468a6-b719-4d8d-a268-702c03082616	Detection		Other	Annotation	Polygon	55.02	20.55	0.0475	17.2862	19.9214	0.5474	0.7868	7.1979	4.6524	4532.0625	4502	4122	4935	250.6803	0.5625	0	0	2	0.7274	0.1875	0	0	1	0.4031	4.3125	2.5	0	23	5.4981	0.4375	0	0	2	0.6292	1.75	2	0	6	1.4832	24.9375	26	14	34	6.4753	38.6875	35	25	52	8.2277	0.25	0	0	1	0.4472	0.0625	0	0	1	0.25	14.0625	11	0	41	12.3745	0.375	0	0	3	0.8062	17.75	12.5	1	45	14.4753	1.4375	1	0	5	1.3647	0.3125	0	0	2	0.6021	0.25	0	0	2	0.5774	0.5625	0.5	0	2	0.6292	0.0625	0	0	1	0.25	0.1875	0	0	1	0.4031	0.125	0	0	1	0.3416	0.3125	0	0	3	0.7932	0.5	0	0	2	0.6325	0.1875	0	0	1	0.4031	0.125	0	0	1	0.3416	0	0	0	0	0	1.125	0.5	0	7	1.8574	0.4375	0	0	4	1.0308	0.625	0	0	3	1.0247	0	0	0	0	0	0	0	0	0	0	0.1875	0	0	2	0.5439	0.3125	0	0	2	0.6021	0.25	0	0	2	0.5774	0.75	0	0	3	1.0646	0.25	0	0	3	0.7746	0.125	0	0	2	0.5	0.0625	0	0	1	0.25	0.125	0	0	1	0.3416	0.25	0	0	2	0.5774	1.5	1	0	7	2	0.5	0	0	3	0.8944	0.0625	0	0	1	0.25	9.3125	10.5	0	17	5.5943	0.0625	0	0	1	0.25	0.25	0	0	2	0.5774	0	0	0	0	0	0	0	0	0	0	31.1875	12.5	6	196	47.2444	52.0625	28	19	280	64.8942	5.5625	5	0	14	4.4116	7.8125	7	0	26	7.5031	1.625	1	0	7	1.8212	0.5625	0.5	0	2	0.6292	0.5625	0	0	2	0.7274
JHH368ROI005_ROI_005.ome.tif	0bf12de3-48a4-4042-b7d6-e9d092708cc0	Detection		Other	Annotation	Polygon	50.38	90.55	0.0306	18.6244	25.9486	0.3476	0.6465	7.1344	5.7933	4443.4736	4580	3822	4958	376.378	0.1579	0	0	1	0.3746	0.3158	0	0	2	0.5824	5.1053	5	0	10	2.998	0.5789	0	0	4	1.0706	1.5263	1	0	5	1.1239	24.3158	23	12	44	7.7535	36.7368	35	17	63	12.3191	0.2105	0	0	1	0.4189	0.0526	0	0	1	0.2294	25.2105	23	4	59	18.183	0.4211	0	0	3	0.8377	6.9474	5	1	18	6.0136	0.2105	0	0	2	0.5353	0.3158	0	0	2	0.671	0	0	0	0	0	0.0526	0	0	1	0.2294	0.1579	0	0	1	0.3746	0	0	0	0	0	0.0526	0	0	1	0.2294	0.1053	0	0	1	0.3153	0.4211	0	0	2	0.607	0.3158	0	0	5	1.1572	0	0	0	0	0	0	0	0	0	0	0.2105	0	0	1	0.4189	0.1053	0	0	1	0.3153	0.3158	0	0	2	0.671	0.2105	0	0	2	0.5353	0.2632	0	0	1	0.4524	0.1579	0	0	1	0.3746	0.2105	0	0	1	0.4189	0.1053	0	0	1	0.3153	1.2632	1	0	5	1.5579	0.1579	0	0	1	0.3746	0.1053	0	0	2	0.4588	0	0	0	0	0	0.2105	0	0	1	0.4189	0.0526	0	0	1	0.2294	1.4737	1	0	3	1.2188	0.2632	0	0	2	0.562	0	0	0	0	0	0.3684	0	0	3	0.9551	0.2105	0	0	1	0.4189	0	0	0	0	0	0	0	0	0	0	0	0	0	0	0	18.5789	18	2	46	12.9414	31.7895	23	7	74	22.3472	3	2	0	9	2.9439	7.8947	8	2	24	5.6164	1.3158	1	0	4	1.4927	0.1579	0	0	1	0.3746	0.7368	0	0	3	0.9335
JHH368ROI005_ROI_005.ome.tif	eb970514-2991-4092-87c8-462cfaafb36f	Detection		Other	Annotation	Polygon	42.44	82.31	0.02	18.7608	19.8413	0.5989	0.8228	6.7085	4.4995	4427.6841	4416	4065	4933	203.3514	0.1579	0	0	1	0.3746	0.2105	0	0	1	0.4189	5.7895	5	1	15	4.008	0.6316	1	0	2	0.5973	1.2632	1	0	4	1.2842	25.2632	27	10	42	8.64	38.4737	37	28	51	6.891	0.2105	0	0	2	0.5353	0.0526	0	0	1	0.2294	8.2105	7	0	22	7.4205	0.2105	0	0	1	0.4189	6.0526	5	0	15	4.8474	0.1579	0	0	1	0.3746	0.0526	0	0	1	0.2294	0.0526	0	0	1	0.2294	0.0526	0	0	1	0.2294	0.1053	0	0	1	0.3153	0	0	0	0	0	0.0526	0	0	1	0.2294	0	0	0	0	0	0.1053	0	0	1	0.3153	0	0	0	0	0	0	0	0	0	0	0	0	0	0	0	0	0	0	0	0	0.2105	0	0	1	0.4189	0.1579	0	0	1	0.3746	0	0	0	0	0	0.0526	0	0	1	0.2294	0.0526	0	0	1	0.2294	0	0	0	0	0	0	0	0	0	0	0.6316	0	0	3	0.8951	0.3684	0	0	3	0.7609	0.0526	0	0	1	0.2294	0	0	0	0	0	0.1053	0	0	1	0.3153	0.1053	0	0	1	0.3153	0.3158	0	0	2	0.5824	0.1579	0	0	2	0.5015	0.1053	0	0	1	0.3153	0.8421	0	0	3	1.0145	0.0526	0	0	1	0.2294	0.0526	0	0	1	0.2294	0.0526	0	0	1	0.2294	0	0	0	0	0	11.2105	10	1	30	8.0525	22.2632	23	4	49	11.4932	1.1579	1	0	4	1.3023	3.2105	1	0	19	4.5653	0.4737	0	0	2	0.6118	0.3684	0	0	4	0.9551	0.5789	0	0	5	1.2164
JHH368ROI005_ROI_005.ome.tif	4192dba5-7aea-45f3-9d98-240119750a6a	Detection		HLA-DR: CD4 T cell	Annotation	Polygon	65.49	26.26	0.0187	12.698	13.7763	0.8408	1	4.8972	3.8601	4508.5386	4599	3869	4920	288.6612	0.2308	0	0	1	0.4385	0.4615	0	0	2	0.6602	1.6154	1	0	5	1.6602	0.4615	0	0	2	0.6602	1.6923	2	0	5	1.6013	26.4615	26	14	43	6.9716	36.4615	36	28	45	6.0362	0.0769	0	0	1	0.2774	0	0	0	0	0	14.8462	8	1	56	15.9836	0.3846	0	0	1	0.5064	10.7692	8	3	28	7.9494	0.2308	0	0	1	0.4385	0.3077	0	0	2	0.7511	0	0	0	0	0	1.0769	0	0	9	2.5318	0	0	0	0	0	0.0769	0	0	1	0.2774	0.0769	0	0	1	0.2774	0.1538	0	0	1	0.3755	0.2308	0	0	2	0.5991	0	0	0	0	0	0.0769	0	0	1	0.2774	0	0	0	0	0	1.9231	0	0	21	5.7657	0	0	0	0	0	0.3846	0	0	2	0.7679	0.3077	0	0	2	0.6304	0	0	0	0	0	0	0	0	0	0	0.3077	0	0	2	0.6304	0.0769	0	0	1	0.2774	0.7692	0	0	4	1.2352	0.3846	0	0	2	0.6504	0.2308	0	0	3	0.8321	0	0	0	0	0	0	0	0	0	0	0.6154	0	0	3	0.9608	0.5385	0	0	4	1.1266	0.8462	0	0	4	1.3445	0	0	0	0	0	4.3846	2	0	25	6.449	0	0	0	0	0	0.0769	0	0	1	0.2774	0	0	0	0	0	0	0	0	0	0	17.7692	19	7	29	6.2069	26.5385	27	12	40	9.3418	3	3	0	6	2.0412	13.3077	12	0	35	9.7073	1.6923	2	0	5	1.4936	0.2308	0	0	1	0.4385	0.6154	1	0	2	0.6504
JHH368ROI005_ROI_005.ome.tif	3dd05891-5163-42c1-a3b8-5ef9dfc648b1	Detection		Other	Annotation	Polygon	39.8	9.901	0.0171	23.9037	24.5288	0.4993	0.7954	8.2962	4.6332	4509.2915	4534	3974	5059	263.1192	0.25	0	0	1	0.4423	0.4167	0	0	2	0.6539	4	2.5	0	14	3.7993	0.2917	0	0	2	0.55	1.3333	1	0	5	1.1293	26.2917	25	16	40	6.0252	40.875	38.5	26	57	7.2009	0.125	0	0	1	0.3378	0.125	0	0	1	0.3378	7.0417	6	0	16	4.5058	1.1667	0	0	6	1.7362	9.9167	6.5	0	38	9.1505	0.125	0	0	1	0.3378	0.1667	0	0	1	0.3807	0.0417	0	0	1	0.2041	0	0	0	0	0	0.0833	0	0	1	0.2823	0.0417	0	0	1	0.2041	0.0833	0	0	1	0.2823	0.125	0	0	2	0.4484	0.125	0	0	1	0.3378	0.0417	0	0	1	0.2041	0.0417	0	0	1	0.2041	0	0	0	0	0	0.5833	0	0	5	1.472	0.2083	0	0	2	0.509	0.25	0	0	1	0.4423	0.0417	0	0	1	0.2041	0.0417	0	0	1	0.2041	0.1667	0	0	2	0.4815	0.125	0	0	1	0.3378	0.0833	0	0	1	0.2823	0.9583	0.5	0	5	1.3015	0.1667	0	0	2	0.4815	0.125	0	0	2	0.4484	0	0	0	0	0	0.0833	0	0	1	0.2823	0.0417	0	0	1	0.2041	0.9583	0	0	6	1.3981	0.3333	0	0	2	0.637	0.0833	0	0	1	0.2823	0.5417	0	0	3	1.0624	0.1667	0	0	2	0.4815	0	0	0	0	0	0	0	0	0	0	0	0	0	0	0	47.7917	22	0	252	63.3781	79.9167	33	5	394	101.956	3.4167	2.5	0	11	3.2292	2.9583	1.5	0	13	3.6651	1.2917	1	0	4	1.1971	0.2917	0	0	2	0.55	0.7083	0	0	6	1.459
JHH368ROI005_ROI_005.ome.tif	947d7d3c-855f-4c45-a4ba-3b7c991fa59e	Detection		Other	Annotation	Polygon	61.92	27.68	0.0144	6.9123	11.0316	0.7138	1	4.4328	2.2002	4585.1431	4514	4402	4917	201.9772	0.1429	0	0	1	0.378	0.4286	0	0	1	0.5345	3.2857	3	1	5	1.496	0.2857	0	0	1	0.488	1.4286	2	0	2	0.7868	28	27	14	43	9.6264	40.8571	40	37	47	3.0237	0.1429	0	0	1	0.378	0.1429	0	0	1	0.378	7.1429	9	0	16	5.9	0.1429	0	0	1	0.378	0.8571	0	0	4	1.5736	0.1429	0	0	1	0.378	0	0	0	0	0	0	0	0	0	0	0	0	0	0	0	0.1429	0	0	1	0.378	0	0	0	0	0	0	0	0	0	0	0	0	0	0	0	0.2857	0	0	1	0.488	0.1429	0	0	1	0.378	0	0	0	0	0	0	0	0	0	0	0.5714	0	0	2	0.7868	0.1429	0	0	1	0.378	0	0	0	0	0	0.1429	0	0	1	0.378	0	0	0	0	0	0.1429	0	0	1	0.378	0.1429	0	0	1	0.378	0	0	0	0	0	0.1429	0	0	1	0.378	0	0	0	0	0	0	0	0	0	0	0	0	0	0	0	0	0	0	0	0	0	0	0	0	0	0.2857	0	0	1	0.488	0.1429	0	0	1	0.378	0	0	0	0	0	5.8571	5	1	13	3.934	0	0	0	0	0	0	0	0	0	0	0	0	0	0	0	0	0	0	0	0	41	42	14	67	20.199	73.5714	49	21	139	45.2801	0.7143	0	0	3	1.1127	7.4286	6	3	17	4.5774	1.2857	1	0	3	1.2536	1	0	0	3	1.4142	0.4286	0	0	1	0.5345
JHH368ROI005_ROI_005.ome.tif	0d75de74-fbef-40c2-b85f-833732298a35	Detection		Other	Annotation	Polygon	40.73	6.467	0.0125	19.1006	18.6849	0.6875	0.9875	7.5392	3.7034	4638.2222	4606.5	4258	5200	265.1616	0.1667	0	0	1	0.3835	0.6667	0.5	0	2	0.767	4	3	0	12	3.1623	0.1667	0	0	1	0.3835	1	1	0	3	0.9701	26.8889	25.5	13	39	5.9793	43.7222	42.5	32	59	8.1009	0.3889	0	0	4	0.9785	0.1111	0	0	1	0.3234	13.3889	13	2	32	8.8393	1.1111	1	0	4	1.2314	13.1111	9	0	44	12.314	0.3333	0	0	2	0.686	0.1667	0	0	1	0.3835	0.0556	0	0	1	0.2357	0.0556	0	0	1	0.2357	0.1111	0	0	1	0.3234	0.0556	0	0	1	0.2357	0.1111	0	0	1	0.3234	0	0	0	0	0	0.0556	0	0	1	0.2357	0.0556	0	0	1	0.2357	0.1111	0	0	1	0.3234	0	0	0	0	0	0.4444	0	0	4	1.149	0.3333	0	0	4	0.9701	0.5	0	0	4	1.0432	0.0556	0	0	1	0.2357	0.1667	0	0	3	0.7071	0.0556	0	0	1	0.2357	0.1667	0	0	1	0.3835	0.1111	0	0	2	0.4714	0.2222	0	0	1	0.4278	0.2778	0	0	1	0.4609	0.2778	0	0	2	0.5745	0.0556	0	0	1	0.2357	0.0556	0	0	1	0.2357	0.1111	0	0	1	0.3234	0.9444	1	0	3	0.8726	0.4444	0	0	3	0.7838	0.1667	0	0	2	0.5145	0.2778	0	0	1	0.4609	0.1111	0	0	1	0.3234	0.0556	0	0	1	0.2357	0	0	0	0	0	0	0	0	0	0	14.5	7	1	66	19.1227	27.1667	19	4	111	30.3068	4.2778	3	1	15	3.5114	4.0556	3	0	11	3.0769	2.1111	2	0	8	2.0548	0.5556	0	0	3	0.9218	0.5	0	0	4	1.0432
