x,y,z,type
-172.8195705280518,136.27518405519237,0.0,CAF
257.8876759763843,269.0447046062466,0.0,CAF
-99.1535870603037,206.84768627402175,0.0,CAF
-356.83109813431093,-97.38414639611109,0.0,CAF
242.85877342373144,181.4994940628152,0.0,CAF
-286.9206503426954,222.2871363580716,0.0,CAF
-236.80240767184097,-25.177839973065364,0.0,CAF
108.66001049731797,-276.243429465473,0.0,CAF
302.1007218365035,-95.98582401440035,0.0,CAF
25.56879551641226,-334.3198440018595,0.0,CAF
-97.31252694514941,-347.11403262434294,0.0,CAF
165.45145032295412,-176.62099828397365,0.0,CAF
59.31409452215522,333.3269025221377,0.0,CAF
-219.49744639269483,103.16946754950982,0.0,CAF
134.35071090376888,177.62268869104915,0.0,CAF
-146.62784780815386,155.83900158939664,0.0,CAF
-204.06302559724182,-23.97644079913965,0.0,CAF
-304.2280212309515,-21.3863117638264,0.0,CAF
304.73698742914996,133.10579034777518,0.0,CAF
-294.5430688652499,-110.72713955592197,0.0,CAF
-344.89861655331714,36.766070798445654,0.0,CAF
57.75820746803257,333.51119404148784,0.0,CAF
236.99492819006304,-77.31355154679989,0.0,CAF
342.9344148955985,-80.99782902094361,0.0,CAF
-234.04990335997567,225.43181591768013,0.0,CAF
85.54076746600835,-203.74866704058604,0.0,CAF
-221.95264853648706,29.057241476597678,0.0,CAF
222.9341249790991,201.8647022089704,0.0,CAF
142.1788754387761,201.7652128715204,0.0,CAF
-186.0038488775331,-284.4571768229366,0.0,CAF
-192.2493083767572,-102.20758516208468,0.0,CAF
-51.47177692053657,-352.56773077353347,0.0,CAF
-351.3956357834526,-162.5195372462468,0.0,CAF
198.43491210105537,308.27336294288364,0.0,CAF
176.03809296696411,-268.63657111587673,0.0,CAF
-198.79977119541368,66.69621114547486,0.0,CAF
6.9977036720626415,-368.279340260193,0.0,CAF
-16.56288756283352,-307.7591981712672,0.0,CAF
290.8422359633074,15.081861716742747,0.0,CAF
269.6143200686597,29.905484170881966,0.0,CAF
74.02040664804392,-237.78279112787448,0.0,CAF
164.21904804306047,219.04682326257708,0.0,CAF
-60.55100072960417,-302.3244881103199,0.0,CAF
127.03239043739646,292.4977876367091,0.0,CAF
36.11587311391738,259.23693227541713,0.0,CAF
238.67861810711375,-19.35102870514898,0.0,CAF
120.67797360685888,232.32287412349092,0.0,CAF
63.43897540077418,216.67726521257043,0.0,CAF
271.7929683857765,173.24835039527338,0.0,CAF
-254.02706699928225,-289.28628376364384,0.0,CAF
-386.6488865244765,-68.68117347588897,0.0,CAF
-266.97459378535376,140.41157457490925,0.0,CAF
-276.9759789654965,-274.8798759778658,0.0,CAF
331.2464558281311,-162.30127163483778,0.0,CAF
208.4948866114515,-7.814826136445711,0.0,CAF
267.51454997054384,197.3968137229323,0.0,CAF
-370.39222217525696,13.30259916930628,0.0,CAF
-194.918626643918,215.4722972489886,0.0,CAF
-254.4820644926597,-258.52090210207405,0.0,CAF
288.0500231661999,-204.78553579377996,0.0,CAF
-182.76404187517858,258.9227997957045,0.0,CAF
-0.3322352246876862,-240.996745883719,0.0,CAF
264.63728097016497,197.80504734405756,0.0,CAF
174.45200732532643,165.8584594225855,0.0,CAF
129.20969011846694,-310.40155151998334,0.0,CAF
274.4651936197053,-231.72983943949347,0.0,CAF
-11.917249952010563,248.6365663741633,0.0,CAF
-238.12767377177826,168.5881411465172,0.0,CAF
-316.5639835048881,-180.54586514513764,0.0,CAF
7.914547620753551,-256.052810925271,0.0,CAF
-77.96155203000569,244.98848701893843,0.0,CAF
155.40810871896343,248.6820450692721,0.0,CAF
-122.27765921564881,311.5038031884871,0.0,CAF
-203.1079366061205,44.23538986616682,0.0,CAF
-94.0771142617736,375.270817339703,0.0,CAF
141.52739963432433,172.21003085274148,0.0,CAF
131.27990279890437,-323.52999166303675,0.0,CAF
-138.8150630640626,-273.6064543092697,0.0,CAF
280.0235595266791,-144.84886060380163,0.0,CAF
203.70329831378172,-47.999001176374435,0.0,CAF
-175.67609323415684,303.91393940826896,0.0,CAF
82.60466118680921,-223.23550218693128,0.0,CAF
169.94734731859384,-162.03694142313776,0.0,CAF
-53.85952967625175,358.88347274499375,0.0,CAF
92.13522733562755,-246.62179325733547,0.0,CAF
303.42054562220744,200.01984312888692,0.0,CAF
196.58213975342107,-249.4497564199741,0.0,CAF
205.68785252348673,160.5843644902945,0.0,CAF
291.482611749423,-201.2626667537937,0.0,CAF
-179.6800495859548,-322.22140530322343,0.0,CAF
-111.46048448364942,-375.3121047020735,0.0,CAF
-304.25899078732,197.36454811007764,0.0,CAF
183.51722310747965,-318.2752264426009,0.0,CAF
305.1482264289274,180.92817607220184,0.0,CAF
-199.47570769633882,126.14944176222227,0.0,CAF
-230.31051264504808,-133.51683502219277,0.0,CAF
-82.7114728364248,235.92961384745203,0.0,CAF
-272.03165121802994,200.6655264383046,0.0,CAF
-313.86489806747903,-98.26201281144154,0.0,CAF
-91.16300126663856,360.46228504420196,0.0,CAF
-222.78475867034177,-0.10552044362097816,0.0,CAF
260.06370961290645,192.60871288409191,0.0,CAF
-40.92281305322297,340.4804296840157,0.0,CAF
-131.25057334384098,210.23701862148982,0.0,CAF
157.41671500888174,301.03059577116886,0.0,CAF
-238.10668232737376,-89.2988528094505,0.0,CAF
-198.99600623661777,-328.63382025127163,0.0,CAF
-200.9256738085782,-140.3960056879463,0.0,CAF
-248.01054923531166,-28.706288441841018,0.0,CAF
303.51685829536115,165.36411184566484,0.0,CAF
-87.98830016854974,331.07726103246796,0.0,CAF
382.20342587631836,-18.306951654198386,0.0,CAF
118.98392532602388,227.48371121213265,0.0,CAF
203.31120106685304,-172.06825322926494,0.0,CAF
-236.74791472196205,65.35798891970609,0.0,CAF
-239.7384346516845,-49.401230459675126,0.0,CAF
172.2240372905685,138.3562452185502,0.0,CAF
291.3987034353988,209.48317014167367,0.0,CAF
218.17231564963478,70.32640377619181,0.0,CAF
-301.76882961203546,104.44446532891804,0.0,CAF
-208.05127826616877,63.041303113987,0.0,CAF
139.33367681962127,234.42143095306793,0.0,CAF
303.73588490599894,101.41929505619954,0.0,CAF
250.38922514665063,-41.561314170583856,0.0,CAF
260.53817219418465,184.9155683280193,0.0,CAF
96.30160587000289,-370.9483919700736,0.0,CAF
180.23918128756424,271.0556937340569,0.0,CAF
266.38789824413686,146.67413924702265,0.0,CAF
-357.7664167032019,82.27530529834942,0.0,CAF
227.24887953231314,56.78276966468134,0.0,CAF
181.78790779605507,-170.3930900186204,0.0,CAF
304.6111386704568,-163.58009930011352,0.0,CAF
154.0289948255981,-151.13730600676624,0.0,CAF
-224.56835793880245,311.47059275372663,0.0,CAF
25.28384730234317,-371.5480742936534,0.0,CAF
263.9532782119726,-120.56525165692281,0.0,CAF
106.19624906758257,306.88284605773237,0.0,CAF
-199.34058888595524,155.68317806195796,0.0,CAF
-319.9310792780485,217.1158921188481,0.0,CAF
366.47310493296845,17.00405174325114,0.0,CAF
237.47601584102512,152.7675464872074,0.0,CAF
52.47071584558797,-306.3253951715784,0.0,CAF
-182.79056471359456,174.2122977335561,0.0,CAF
245.85171051690293,139.9119870252021,0.0,CAF
-109.11000859292237,-264.80417429505025,0.0,CAF
-63.4536629085249,-266.1907158556251,0.0,CAF
-166.04991855347333,-162.90710255358402,0.0,CAF
55.98636568466662,-332.1555248301779,0.0,CAF
-18.164433668441593,-290.95063298092595,0.0,CAF
219.02895015086477,185.63454506416264,0.0,CAF
206.30421221197992,-268.0193396857331,0.0,CAF
118.52801668934849,378.86655443894796,0.0,CAF
320.95272704498467,-108.42028959812197,0.0,CAF
-285.51576563700945,-215.22029608636544,0.0,CAF
-179.04130407077744,201.8328016938535,0.0,CAF
-165.4027995814651,298.8331104334733,0.0,CAF
-29.910805316554367,261.10736930424065,0.0,CAF
-237.67693327677566,190.18502392222976,0.0,CAF
-125.24712328202483,-358.7001612648057,0.0,CAF
159.1954776213632,177.83743261752332,0.0,CAF
-156.27995561463177,358.79019236559594,0.0,CAF
-110.32437288712829,209.91708569117822,0.0,CAF
263.9516788914665,134.80104989361905,0.0,CAF
-18.67404694196195,-359.998110575529,0.0,CAF
251.00915225083872,-272.3451916836686,0.0,CAF
-104.90953084515634,306.20182083613236,0.0,CAF
363.2038059928081,-77.63096750007952,0.0,CAF
-150.29166029053417,-259.59275061441315,0.0,CAF
-80.89228069993008,-321.511767116854,0.0,CAF
265.116566137318,2.6137911020980793,0.0,CAF
216.07624726499006,280.8452835744661,0.0,CAF
-327.3585933243403,160.72592501029783,0.0,CAF
183.00395063897983,254.5100810737691,0.0,CAF
-79.72555250677948,343.4611506949829,0.0,CAF
-327.3063012602085,-47.6228071861723,0.0,CAF
144.73045032615732,-292.98290800395824,0.0,CAF
290.1751015583837,-186.6873199014412,0.0,CAF
317.7841565443952,74.07670419427774,0.0,CAF
190.48353050087815,137.82436329312466,0.0,CAF
-50.38706374649182,-383.418292854906,0.0,CAF
139.31418285921998,-176.76660726176962,0.0,CAF
166.74701161114996,307.9532568771685,0.0,CAF
3.11164408729672,209.62985196481037,0.0,CAF
-156.68502902413428,146.1344859255609,0.0,CAF
93.61634871767438,-273.5073582799266,0.0,CAF
357.20909221454207,-83.6942154235205,0.0,CAF
-239.99541852669884,-105.97907280632403,0.0,CAF
30.367693844774212,295.24213991711713,0.0,CAF
37.96984197179352,204.24463906574104,0.0,CAF
288.2811349645793,-228.46388426845039,0.0,CAF
177.95163038292884,311.37469545926996,0.0,CAF
-178.261895133477,-273.041094126151,0.0,CAF
215.71894407349902,300.17382748424774,0.0,CAF
389.67098533090484,3.900920165755992,0.0,CAF
-274.38270984426646,-121.94457799644205,0.0,CAF
274.7573390666724,233.045783210465,0.0,CAF
-208.8624271607296,-307.97546957987527,0.0,CAF
234.4232497270361,-45.58289794613179,0.0,CAF
380.6824243264679,88.89345339169324,0.0,CAF
-131.88500312108428,-159.72026586615183,0.0,CAF
-49.54323760243448,-392.77137070105636,0.0,CAF
-317.99289385040333,180.22696947034024,0.0,CAF
-322.24591213778007,191.91699503994113,0.0,CAF
-214.03074112585452,200.9595747132457,0.0,CAF
233.42563834715267,3.9986802731914803,0.0,CAF
81.29071642677947,-254.00729189865626,0.0,CAF
162.22244962127056,-147.28446685912678,0.0,CAF
-13.20092052509032,-210.3138344659384,0.0,CAF
268.89661131968677,31.753038600481176,0.0,CAF
214.76631906033697,269.6043832502775,0.0,CAF
-16.41623082176078,-243.44469711772922,0.0,CAF
-382.1559810051202,-31.997499582660886,0.0,CAF
-67.53615685659052,-311.75699342497296,0.0,CAF
-239.86697027097517,-122.2294690338484,0.0,CAF
169.80874831861547,354.00584098569254,0.0,CAF
274.00008996619454,-282.01089732771896,0.0,CAF
321.6928589957094,-35.36872338208885,0.0,CAF
235.79629342583735,-280.7701130265791,0.0,CAF
-98.04971748054366,344.37017024451325,0.0,CAF
-330.22485026514175,64.16916169095919,0.0,CAF
8.408504810498421,-273.7560101191204,0.0,CAF
211.73982079182196,188.9005448884651,0.0,CAF
-213.76564461779114,222.6117201649774,0.0,CAF
298.70815746855953,263.34002968046025,0.0,CAF
69.89008947956945,199.256499096275,0.0,CAF
-264.2389890367068,-33.48309806271652,0.0,CAF
44.49353501933804,-391.56162807644455,0.0,CAF
175.63943860581577,117.80657159942679,0.0,CAF
-157.97233824774534,-240.06350073676936,0.0,CAF
-195.0920024896684,-245.43415145588517,0.0,CAF
-321.80728416008674,93.09363238052866,0.0,CAF
-199.77807064629425,49.55561018421988,0.0,CAF
-301.45199970612043,77.2184391189018,0.0,CAF
-252.48305443379454,170.69259481800037,0.0,CAF
-270.5315367671455,54.84347126085742,0.0,CAF
-127.84993283602076,-261.8786103514362,0.0,CAF
156.88823341260746,241.4495748831394,0.0,CAF
-261.8262587775249,-272.61423877854173,0.0,CAF
45.313691697468606,269.75574958713173,0.0,CAF
-270.0515853131353,233.36656455361376,0.0,CAF
-148.9775952120733,182.97748370139584,0.0,CAF
-364.94377188508946,75.97766280722422,0.0,CAF
119.6614135244702,344.320021381108,0.0,CAF
202.21141743161226,315.7407777220898,0.0,CAF
198.43076005371196,-247.20880095058507,0.0,CAF
254.2388847633484,289.2906002826807,0.0,CAF
284.1961194305082,194.6431494250753,0.0,CAF
-215.76082373554533,-171.20791084257183,0.0,CAF
33.82904059975393,-317.2860364315911,0.0,CAF
-298.6862457357904,24.644687699691,0.0,CAF
64.04983583026463,378.9602910946844,0.0,CAF
117.4500646668139,326.3228523960421,0.0,CAF
270.53143239563803,-206.9575979484776,0.0,CAF
212.27330254632125,-51.74916563224516,0.0,CAF
294.3811449249577,194.78559172954922,0.0,CAF
-174.46914770305418,-335.3595330072177,0.0,CAF
172.11870183125225,203.23698701282265,0.0,CAF
-67.33278908244456,-215.49996870467635,0.0,CAF
-237.41000610984597,75.06481250662277,0.0,CAF
-338.10506300778286,-119.75054266451028,0.0,CAF
-67.81919046074283,384.0869080505027,0.0,CAF
-245.9796864484728,260.7102894656412,0.0,CAF
213.96997431497877,-59.29755491827582,0.0,CAF
10.64279774168648,-266.3723229232577,0.0,CAF
-176.55567503771317,-246.18615248702528,0.0,CAF
136.5995415828815,204.32868317961757,0.0,CAF
-99.87987937918088,-246.74827535668777,0.0,CAF
-339.0669415658806,-55.68969146606621,0.0,CAF
-51.48118494014942,-251.99500078060962,0.0,CAF
-40.01421631229011,-273.87134877118893,0.0,CAF
12.184082208481136,-377.53029332734286,0.0,CAF
-12.122145699198375,-203.89348147748396,0.0,CAF
-253.66314113264139,-264.82366652456454,0.0,CAF
71.8560214866813,-294.3921378819988,0.0,CAF
17.42908390957595,-267.9417919779429,0.0,CAF
-44.00413050717134,-333.68189135630513,0.0,CAF
-260.1935668443288,139.03500265539324,0.0,CAF
-309.3462085290673,-137.0191887843158,0.0,CAF
247.09304271230988,0.07728030050170503,0.0,CAF
344.7516257881266,-102.56689188262861,0.0,CAF
318.91142347940195,-118.379404994519,0.0,CAF
183.86040714939517,322.118024683269,0.0,CAF
75.56432832611549,-389.4917243419962,0.0,CAF
215.70732065937273,-324.6732330808629,0.0,CAF
298.36733775818396,-4.928308409935636,0.0,CAF
315.50604998578893,130.36450253985572,0.0,CAF
161.37141929731695,170.2037264494845,0.0,CAF
-178.42658452867187,181.62883418575262,0.0,CAF
356.06170188951,-30.100091705928833,0.0,CAF
-214.78349801120368,-101.53525908719149,0.0,CD4_Tcell
90.84373102604629,-314.7664231972631,0.0,CD4_Tcell
51.06771141483446,-353.9670647892076,0.0,CD4_Tcell
-46.67498211510537,298.1290166738331,0.0,CD4_Tcell
170.04715416123213,-251.0993942685226,0.0,CD4_Tcell
-395.7350247196404,30.037655739484485,0.0,CD4_Tcell
-66.6115636972788,-316.20728065011747,0.0,CD4_Tcell
67.96030385934388,-316.90363724034614,0.0,CD4_Tcell
173.18358485203606,-105.0765517322201,0.0,CD4_Tcell
350.7466446583003,99.02962174889355,0.0,CD4_Tcell
-150.7123429712811,257.5619879578831,0.0,CD4_Tcell
-86.28275010072029,376.2922266601445,0.0,CD4_Tcell
-42.39677362751301,201.12029294608982,0.0,CD4_Tcell
-370.49731939403944,-85.86528367185979,0.0,CD4_Tcell
116.22114228721945,302.04841038590115,0.0,CD4_Tcell
216.2926205350096,67.71844141477679,0.0,CD4_Tcell
-60.953372736112506,-347.38101464531616,0.0,CD4_Tcell
23.909795672571768,-203.5093305963641,0.0,CD4_Tcell
-224.85911256162893,-49.671671734405955,0.0,CD4_Tcell
309.52193800479563,134.06100837051187,0.0,CD4_Tcell
-78.41189379357559,-226.0531031678393,0.0,CD4_Tcell
148.93447291423416,149.8774945226245,0.0,CD4_Tcell
-210.55165386130625,-195.2116881161207,0.0,CD4_Tcell
203.91713438812067,163.2953379548369,0.0,CD8_Tcell
149.20307581253937,180.0837820337631,0.0,CD8_Tcell
-174.521263829728,100.65966912095891,0.0,CD8_Tcell
-332.26125472203665,141.51540697671615,0.0,CD8_Tcell
-21.329422154576395,-387.3831685059901,0.0,CD8_Tcell
-13.330179059984918,380.38577956239214,0.0,CD8_Tcell
276.8231221241275,151.50347791860526,0.0,CD8_Tcell
388.7233868354105,72.14314499048737,0.0,CD8_Tcell
-295.11415718719,127.42475528906657,0.0,CD8_Tcell
-14.93076663972681,349.9133165851723,0.0,CD8_Tcell
345.61941255612743,-37.09801150465237,0.0,CD8_Tcell
-377.31147377353096,-19.90044720210232,0.0,CD8_Tcell
-342.85965162008335,-100.55068779406812,0.0,CD8_Tcell
-27.020037486069548,-336.57317410170134,0.0,CD8_Tcell
-157.6869275002039,-195.46324518289472,0.0,CD8_Tcell
-59.98417290862635,192.33591398470813,0.0,CD8_Tcell
-267.0918594106036,-176.04205930979842,0.0,CD8_Tcell
-239.5605989437844,-32.210452915049906,0.0,CD8_Tcell
231.6068279022429,-308.60156598097785,0.0,CD8_Tcell
167.01625656105438,-293.3665990888643,0.0,CD8_Tcell
236.5129550305842,137.65166299363364,0.0,CD8_Tcell
-190.42045953487704,146.54940872831546,0.0,CD8_Tcell
-42.71070928800283,246.04680232554045,0.0,CD8_Tcell
97.5669547913043,198.96726710634132,0.0,CD8_Tcell
138.18723064311467,-167.62596285819194,0.0,CD8_Tcell
12.446112530090398,247.80735518508516,0.0,CD8_Tcell
347.65123372185826,-160.3673028382647,0.0,CD8_Tcell
56.936901371379335,277.6811544818834,0.0,CD8_Tcell
-252.19177991668553,94.93772032076286,0.0,CD8_Tcell
224.7957079821404,96.21149652692614,0.0,CD8_Tcell
-303.5175955063328,30.31319648315127,0.0,CD8_Tcell
-359.06620859946054,162.745495683285,0.0,CD8_Tcell
36.09802543854455,-197.03586720077004,0.0,CD8_Tcell
216.17985837059652,-294.03423762211276,0.0,CD8_Tcell
1.8489758251164798,-397.4871269555268,0.0,CD8_Tcell
197.37710079333308,183.57702847127493,0.0,CD8_Tcell
161.66408857967946,-148.5601638598836,0.0,CD8_Tcell
135.09751092374532,299.57696446520583,0.0,CD8_Tcell
-150.26719214113595,-285.8552883419982,0.0,CD8_Tcell
269.05814968400557,22.71834359590579,0.0,CD8_Tcell
-310.1483211795746,49.545905164826436,0.0,CD8_Tcell
-85.87207750111504,381.2693524226689,0.0,CD8_Tcell
130.9153399168116,313.17126733374937,0.0,CD8_Tcell
-193.24521272228787,114.76839470774455,0.0,CD8_Tcell
154.98924140575818,189.13600451137245,0.0,CD8_Tcell
330.208500912315,-16.15237304614592,0.0,CD8_Tcell
133.22242872398297,350.58515100830004,0.0,CD8_Tcell
-206.2961573668118,-286.83924369757204,0.0,CD8_Tcell
-140.44519807443058,-173.08275502835443,0.0,CD8_Tcell
-118.93512678741048,351.776084158865,0.0,CD8_Tcell
187.1288835337784,-247.96436819492305,0.0,CD8_Tcell
-7.048624459193771,242.10043673455482,0.0,CD8_Tcell
246.17732532773618,-169.12519526261178,0.0,CD8_Tcell
339.84081620984745,71.24518391801973,0.0,CD8_Tcell
67.38788335457761,-381.18540645311987,0.0,CD8_Tcell
-19.63176003047612,284.0001421266333,0.0,CD8_Tcell
50.60838904879906,-295.07066612114744,0.0,CD8_Tcell
318.68100632228675,92.58828802039245,0.0,CD8_Tcell
140.56020088320795,354.28537581668337,0.0,CD8_Tcell
367.39165824423435,-111.47738336581774,0.0,CD8_Tcell
-69.39717502022214,-392.1445117800998,0.0,CD8_Tcell
308.3354223917652,202.18040444015236,0.0,CD8_Tcell
-165.0912246555059,204.37689357565952,0.0,CD8_Tcell
303.48244260507005,-206.84087299127592,0.0,CD8_Tcell
89.98135637901981,313.39436918517845,0.0,CD8_Tcell
62.646126133989426,213.75378608880573,0.0,CD8_Tcell
-6.16156497727039,264.7631355499709,0.0,CD8_Tcell
-332.02678169183145,142.8785874817556,0.0,CD8_Tcell
299.0609849935982,116.51858622402466,0.0,CD8_Tcell
37.5178544342,-343.0990722766052,0.0,CD8_Tcell
-53.53706286152649,319.83643563854406,0.0,CD8_Tcell
3.132021925286672,-313.7725240323443,0.0,CD8_Tcell
278.14401542456045,282.7206271565421,0.0,CD8_Tcell
104.43778967595082,383.21511073670274,0.0,CD8_Tcell
-134.08239334576928,-250.67705422061823,0.0,CD8_Tcell
-3.880999320289298,-345.43973281869086,0.0,CD8_Tcell
-23.179199766348173,385.54029778034135,0.0,CD8_Tcell
-221.6193640216385,-123.34678994234675,0.0,CD8_Tcell
226.98997737491524,317.0540811555458,0.0,CD8_Tcell
139.66185756734242,-262.73032759820893,0.0,CD8_Tcell
-351.1257424582507,-188.8393915943837,0.0,CD8_Tcell
90.48688721323497,245.50419237675484,0.0,CD8_Tcell
-51.56567841636958,-356.89570627567014,0.0,CD8_Tcell
-265.822004806002,-218.65021438658434,0.0,CD8_Tcell
-35.13335075484683,381.09634896469134,0.0,CD8_Tcell
215.24910154409105,274.9612293083858,0.0,CD8_Tcell
80.45979794339002,330.278865645937,0.0,CD8_Tcell
-367.6381080571708,-137.0260292439409,0.0,CD8_Tcell
98.02822228606632,325.892473012046,0.0,CD8_Tcell
29.048009919183997,396.23929992973314,0.0,CD8_Tcell
-296.14220296754814,174.3125026740087,0.0,CD8_Tcell
222.55562695098888,-275.02709902525515,0.0,CD8_Tcell
-85.80248204543574,-382.7934603505273,0.0,CD8_Tcell
-313.59146633551126,-37.673885077679756,0.0,CD8_Tcell
144.47120213370445,-181.7307963371709,0.0,CD8_Tcell
-160.31350568235726,-269.6167520849252,0.0,CD8_Tcell
276.4523632078677,36.68505900729964,0.0,CD8_Tcell
-237.12572368801608,259.42485553856824,0.0,CD8_Tcell
139.44496766803047,300.47185179930597,0.0,CD8_Tcell
1.582702457906552,-304.8303903671585,0.0,CD8_Tcell
307.7421211111395,109.17395285503672,0.0,CD8_Tcell
242.4740259530851,17.932708536267125,0.0,CD8_Tcell
13.223224791403341,326.2079319067321,0.0,CD8_Tcell
-286.4612264947824,204.43674627580424,0.0,CD8_Tcell
-284.6369282219973,242.4131733062877,0.0,CD8_Tcell
127.3111459867455,-323.8100045748345,0.0,CD8_Tcell
323.3084200098642,9.268561090179022,0.0,CD8_Tcell
-17.99730201607543,321.2338374829134,0.0,CD8_Tcell
-389.08962011992134,65.69739662386068,0.0,CD8_Tcell
-379.17655569780504,2.874320413717092,0.0,CD8_Tcell
-327.8554864514406,35.53619055323104,0.0,CD8_Tcell
-269.3535878391876,99.69509132417942,0.0,CD8_Tcell
-341.3926840239142,-197.54771668723546,0.0,CD8_Tcell
-65.92672724247382,206.11376586876992,0.0,CD8_Tcell
-308.41179908768646,-29.749247810744293,0.0,CD8_Tcell
-340.4931538758457,-150.66066493959457,0.0,CD8_Tcell
-243.79732880779147,-48.95255484901605,0.0,CD8_Tcell
324.7384067930245,-29.542485394045965,0.0,CD8_Tcell
201.7469835043359,-45.17127947646863,0.0,CD8_Tcell
82.3192621644936,-327.52898501551056,0.0,CD8_Tcell
-52.66162417560749,350.0930905033781,0.0,CD8_Tcell
292.2271238778279,-59.74337350741687,0.0,CD8_Tcell
164.31386064917817,-354.0852818302518,0.0,CD8_Tcell
-165.49772585807236,-271.7281161277442,0.0,CD8_Tcell
369.0998176575426,106.6494730548165,0.0,CD8_Tcell
-196.90111272910164,-164.96468992061997,0.0,CD8_Tcell
-382.98979471782224,97.35777465037901,0.0,CD8_Tcell
-98.76731977761438,-281.50277167649466,0.0,CD8_Tcell
223.94544218168656,-179.87535921669632,0.0,CD8_Tcell
-153.82505058926048,-192.18035929688364,0.0,CD8_Tcell
270.04045759597403,-232.75913104230625,0.0,CD8_Tcell
-70.04588085100868,-278.5623958884445,0.0,CD8_Tcell
-168.99222926570548,359.46121867059134,0.0,CD8_Tcell
189.09170745804968,-232.74479299395293,0.0,CD8_Tcell
51.2724607360869,-227.78143935326523,0.0,CD8_Tcell
-307.28648843813227,-247.1522180673533,0.0,CD8_Tcell
-11.254712269902985,-350.3919817720571,0.0,CD8_Tcell
217.81359602088216,183.76193186134668,0.0,CD8_Tcell
-74.03705374407014,240.5964183262623,0.0,CD8_Tcell
293.8014556409702,76.02395080923641,0.0,CD8_Tcell
228.042472443119,-231.20600534384008,0.0,CD8_Tcell
280.0795216837317,-98.98171626407346,0.0,CD8_Tcell
-258.21744662810937,-185.58170450798042,0.0,CD8_Tcell
-118.22414835542651,-194.09743955378784,0.0,CD8_Tcell
236.93740239304077,36.79904487396143,0.0,CD8_Tcell
282.8938905536285,146.3942011903985,0.0,CD8_Tcell
-143.7341832395501,140.30387134686165,0.0,CD8_Tcell
-223.1441552199741,-75.85198880424419,0.0,CD8_Tcell
194.61668617085905,115.25986434533246,0.0,CD8_Tcell
288.7196909719469,-245.78897638619034,0.0,CD8_Tcell
-126.93591457953244,-180.88773735450175,0.0,CD8_Tcell
97.99030786001609,219.48937355788985,0.0,CD8_Tcell
-282.9354743669956,-190.15312908354983,0.0,CD8_Tcell
1.3666495169234385,286.84420937921436,0.0,CD8_Tcell
9.302205053914962,387.63400818900675,0.0,CD8_Tcell
195.3715568426937,305.338150281891,0.0,CD8_Tcell
-229.01906190446445,34.512836111496064,0.0,CD8_Tcell
262.12705786957696,-288.64265688974285,0.0,CD8_Tcell
-159.1876739606818,123.2255888598304,0.0,CD8_Tcell
290.92263294824255,266.3354626698932,0.0,CD8_Tcell
298.81242247958295,197.3003605695895,0.0,CD8_Tcell
-141.92178178155885,288.86801742005593,0.0,CD8_Tcell
-343.7311724764437,-30.76359629864539,0.0,CD8_Tcell
269.8750246597845,250.27979319638146,0.0,CD8_Tcell
276.8525160452681,254.0892589634826,0.0,CD8_Tcell
-169.32581909124335,311.8147831036798,0.0,CD8_Tcell
-328.5512151560646,45.4352120053545,0.0,CD8_Tcell
36.4061252202789,-226.869686067977,0.0,CD8_Tcell
217.02966437421554,-73.95368379965743,0.0,CD8_Tcell
-244.29360055970218,282.1135664105805,0.0,CD8_Tcell
275.34114090079373,81.38469431236616,0.0,CD8_Tcell
-32.86444205630202,380.7925719108379,0.0,CD8_Tcell
-169.59569892790347,-114.165588284378,0.0,CD8_Tcell
-154.9883802969239,-153.30547642457864,0.0,CD8_Tcell
40.79991465777551,249.1797100286808,0.0,CD8_Tcell
6.768766939701305,239.2287117816973,0.0,CD8_Tcell
-322.5531579077265,16.255417586036238,0.0,CD8_Tcell
130.66186702119805,-261.7728923407268,0.0,CD8_Tcell
264.08711653131036,-230.82098572912872,0.0,CD8_Tcell
288.3379631140795,174.4868454971072,0.0,CD8_Tcell
385.3771233945686,90.77417897218542,0.0,CD8_Tcell
-31.92735776717454,248.439192953455,0.0,CD8_Tcell
-274.77468702087117,285.2352916231701,0.0,CD8_Tcell
314.83868212602613,225.5437245701108,0.0,CD8_Tcell
-118.77300034630292,326.89334561056074,0.0,CD8_Tcell
-247.72891305476477,-59.21711314342979,0.0,CD8_Tcell
317.15190028863816,238.9750472288705,0.0,CD8_Tcell
338.7201798810623,-58.64894428985966,0.0,CD8_Tcell
-70.37879012065575,-284.38096965006287,0.0,CD8_Tcell
-64.30482286647364,321.53879582976197,0.0,CD8_Tcell
-181.5451853626865,124.44543191607691,0.0,CD8_Tcell
-62.932951588060305,258.52171730122706,0.0,CD8_Tcell
171.10290722006246,-213.74806864232497,0.0,CD8_Tcell
28.273843803932817,-318.19466286483765,0.0,CD8_Tcell
-272.8393321785391,-279.35661750928966,0.0,CD8_Tcell
291.1594912578497,-137.82868358394674,0.0,CD8_Tcell
66.89157522143172,-377.6897819013655,0.0,CD8_Tcell
-203.49898296169883,77.43750116557261,0.0,CD8_Tcell
88.97274567135021,-253.68050126103998,0.0,CD8_Tcell
-238.95536414094005,-81.71926514720354,0.0,CD8_Tcell
-301.9161386992573,210.25728428934588,0.0,CD8_Tcell
-187.12514777677714,-128.2997438867012,0.0,CD8_Tcell
59.051384055527755,245.3404647104075,0.0,CD8_Tcell
-362.9462115385687,30.465648613581592,0.0,CD8_Tcell
-181.28119808548985,134.49820232005328,0.0,CD8_Tcell
-209.28749044158664,-226.29882694451513,0.0,CD8_Tcell
-36.586428320331784,-199.95754328099918,0.0,CD8_Tcell
-5.743026187646981,-334.79473030804616,0.0,CD8_Tcell
300.11065191070185,-164.46026084560762,0.0,CD8_Tcell
125.93911355874796,354.2361013778188,0.0,CD8_Tcell
285.2879214130523,-147.65131250536032,0.0,CD8_Tcell
310.97454482232996,-99.57752297010173,0.0,CD8_Tcell
189.66095437261575,65.66005913705018,0.0,CD8_Tcell
35.37766596734973,-240.6266439565756,0.0,CD8_Tcell
236.53588518432576,-300.20389487982925,0.0,CD8_Tcell
71.35717047957168,336.7500242560964,0.0,CD8_Tcell
25.719581147559655,390.2092023808655,0.0,CD8_Tcell
-218.64202653074742,199.8048610201691,0.0,CD8_Tcell
37.85667034827636,239.66388485282738,0.0,CD8_Tcell
-275.40463512827205,246.39423451071113,0.0,CD8_Tcell
8.33214587855762,227.35415852197244,0.0,CD8_Tcell
-276.149750612977,-139.26917944465194,0.0,CD8_Tcell
-124.24941522959567,277.50219409357186,0.0,CD8_Tcell
97.45446443110686,238.64930304590246,0.0,CD8_Tcell
155.56466566328288,-133.48550254053137,0.0,CD8_Tcell
-241.19084676907775,142.7636057661574,0.0,CD8_Tcell
-12.927270288508982,245.46284606933685,0.0,CD8_Tcell
-9.991107215275393,241.07159113894195,0.0,CD8_Tcell
121.5747253790419,185.23528676681877,0.0,CD8_Tcell
-116.19593252868712,190.440612760129,0.0,CD8_Tcell
-340.0755413885562,147.0539294385546,0.0,CD8_Tcell
398.11151888990383,22.137777422708105,0.0,CD8_Tcell
149.28648214038424,238.5825808438559,0.0,CD8_Tcell
305.3508296762965,-160.94695849078806,0.0,CD8_Tcell
248.15559793088335,-56.05877364522467,0.0,CD8_Tcell
113.43777521639925,-283.6443673656132,0.0,CD8_Tcell
15.75854110186627,-339.90776499386885,0.0,CD8_Tcell
-338.45207325540207,-120.62547915428607,0.0,CD8_Tcell
-18.171545317752265,210.6155651693724,0.0,CD8_Tcell
147.36954067363445,-364.0671072332979,0.0,CD8_Tcell
101.75294174826793,-263.014540486121,0.0,CD8_Tcell
-272.16530002091395,-202.45452479746356,0.0,CD8_Tcell
-225.31957146993184,-93.06616126994669,0.0,CD8_Tcell
273.91297105324975,-151.21945594252543,0.0,CD8_Tcell
303.9966682956631,-65.47274367645329,0.0,CD8_Tcell
-306.9565185991851,146.20601835070892,0.0,CD8_Tcell
-279.27118987959346,84.52458424421788,0.0,CD8_Tcell
-287.5017309829162,254.73255020852946,0.0,CD8_Tcell
-362.3343624939737,129.87645654609076,0.0,CD8_Tcell
-54.06905284710525,304.79593222506566,0.0,CD8_Tcell
192.0057757395352,299.1850274089385,0.0,CD8_Tcell
231.74488448999307,255.63875499962901,0.0,CD8_Tcell
-206.48838749086397,-129.0151152963189,0.0,CD8_Tcell
-250.37424382171739,-73.59587095752902,0.0,CD8_Tcell
250.63871460665473,145.5568637391827,0.0,CD8_Tcell
-30.198377610765526,-347.8158511325001,0.0,CD8_Tcell
-32.655464321647486,243.3841103420951,0.0,CD8_Tcell
220.4939514111978,80.13784806482832,0.0,CD8_Tcell
-172.22731249849286,-161.3140233280052,0.0,CD8_Tcell
-268.01078108551775,-157.42104442678254,0.0,CD8_Tcell
-103.85576872273788,315.42409616530324,0.0,CD8_Tcell
-195.8376070730766,148.80599488195625,0.0,CD8_Tcell
208.73278045688463,245.11626486104004,0.0,CD8_Tcell
216.27669682306427,-205.48020083818818,0.0,CD8_Tcell
-27.3690976493986,-204.10521252705345,0.0,CD8_Tcell
178.1577706156801,228.82707171458637,0.0,CD8_Tcell
-21.085147056694606,-207.28299018649562,0.0,CD8_Tcell
219.68408620351332,-309.3277521394615,0.0,CD8_Tcell
-157.61293370774905,311.4703016039815,0.0,CD8_Tcell
193.0434261667766,-309.2785795971205,0.0,CD8_Tcell
267.25878990984785,95.7963374752452,0.0,CD8_Tcell
261.2815232102246,-274.8445852641047,0.0,CD8_Tcell
74.83467659963345,-326.7147118501261,0.0,CD8_Tcell
244.7094395851341,15.736297994777216,0.0,CD8_Tcell
-247.28882051563065,100.30648796678769,0.0,CD8_Tcell
178.89737987874338,290.18543721936385,0.0,CD8_Tcell
203.826113806275,-60.33619877960325,0.0,CD8_Tcell
343.6787148390382,-17.193054459626833,0.0,CD8_Tcell
160.49613521020527,-333.2856540691845,0.0,CD8_Tcell
285.0534580107473,-270.9041030445838,0.0,CD8_Tcell
-148.2661318714654,-254.76952724692455,0.0,CD8_Tcell
-324.32083048821585,-189.51958444842563,0.0,CD8_Tcell
276.8061581748642,-127.2622569174342,0.0,CD8_Tcell
-302.5010405656073,196.95050351413707,0.0,CD8_Tcell
-1.4803952752191436,-365.7075973981617,0.0,CD8_Tcell
110.32721392799839,-228.20548283901,0.0,CD8_Tcell
-94.7197259047199,301.33580831079996,0.0,CD8_Tcell
-100.45302551533273,313.7020759304128,0.0,CD8_Tcell
42.4447548537015,244.60714282119125,0.0,CD8_Tcell
173.25745137880807,106.92074755060197,0.0,CD8_Tcell
16.12935411432586,-250.22215703900096,0.0,CD8_Tcell
-89.83921290835809,-190.13142621262162,0.0,CD8_Tcell
45.703968492776276,275.74936744181997,0.0,CD8_Tcell
357.0359533990714,-115.43537884031673,0.0,CD8_Tcell
152.7793108912416,353.43019269017753,0.0,CD8_Tcell
318.57868252774193,58.29730624727863,0.0,CD8_Tcell
-22.813938936211002,-380.0627362920491,0.0,CD8_Tcell
243.40846771770143,-253.79254567211316,0.0,CD8_Tcell
272.03490078140925,-77.51697425995658,0.0,CD8_Tcell
-31.55789530403989,-319.3400244900898,0.0,CD8_Tcell
332.7500799063612,70.57650050250075,0.0,CD8_Tcell
327.6446307708183,86.51961611562695,0.0,CD8_Tcell
89.40544258489194,346.19137296295406,0.0,CD8_Tcell
-163.13134721137732,231.04315852429067,0.0,CD8_Tcell
-271.4198040835643,-83.36149888766825,0.0,CD8_Tcell
-229.88050077977,-308.7789813963048,0.0,CD8_Tcell
145.14721577891908,302.49404018144384,0.0,CD8_Tcell
343.69039073740106,-156.54107014843365,0.0,CD8_Tcell
-335.5739917143848,-26.537570563926124,0.0,CD8_Tcell
-37.96004507550486,-385.24428234157926,0.0,CD8_Tcell
217.51641146584004,168.5675849387013,0.0,CD8_Tcell
165.55068752903622,126.97326276901266,0.0,CD8_Tcell
75.87614019502325,-216.15413517051908,0.0,CD8_Tcell
-169.86794861008596,235.03697884820775,0.0,CD8_Tcell
-352.4683296163094,82.51712217638244,0.0,CD8_Tcell
-378.76648408205176,101.21673943649036,0.0,CD8_Tcell
298.1163780841302,-2.5066989111927573,0.0,CD8_Tcell
27.711198067162908,-321.23261099142167,0.0,CD8_Tcell
181.33660446971376,148.66186754404242,0.0,CD8_Tcell
-89.38390010812752,259.4431291258791,0.0,CD8_Tcell
347.5058330575954,97.05419378210634,0.0,CD8_Tcell
114.81884164267456,-201.3134548260502,0.0,CD8_Tcell
308.840380438874,116.94770809860971,0.0,CD8_Tcell
-198.2943908088127,-138.23437560975145,0.0,CD8_Tcell
-214.50011531458895,-278.4523434586637,0.0,CD8_Tcell
206.00270360024842,-316.05239616134054,0.0,CD8_Tcell
-281.04953914222097,-157.55202888073924,0.0,CD8_Tcell
294.0656530559061,-118.91439556156817,0.0,CD8_Tcell
-317.1861666761695,86.35872042008094,0.0,CD8_Tcell
123.35705408265163,300.52566773266284,0.0,CD8_Tcell
-175.95870110471273,-333.64280164744923,0.0,CD8_Tcell
-256.4046913869052,-177.65263453298252,0.0,CD8_Tcell
-201.16901690502826,78.08797228877388,0.0,CD8_Tcell
-244.21932755971375,210.57806996245515,0.0,CD8_Tcell
370.56020862290205,-88.85223944966482,0.0,CD8_Tcell
17.93532772299294,356.77501973570884,0.0,CD8_Tcell
231.31994703015945,164.18372655503987,0.0,CD8_Tcell
-381.9317362986413,-92.3685054636,0.0,CD8_Tcell
65.23212166825003,-264.7526577198851,0.0,CD8_Tcell
-211.34347940282117,-168.08681689216777,0.0,CD8_Tcell
89.3890579218343,-341.9594672954639,0.0,CD8_Tcell
216.74215513452936,135.13514375826463,0.0,CD8_Tcell
-259.883145026105,127.36534947464054,0.0,CD8_Tcell
-268.7361809069176,224.62335738826064,0.0,CD8_Tcell
356.6785050685856,143.88616923747475,0.0,CD8_Tcell
-71.02526191166866,-251.79782244506913,0.0,CD8_Tcell
-35.94134152571701,-255.05511297606898,0.0,CD8_Tcell
11.431971349294619,340.1641241413154,0.0,CD8_Tcell
305.40544749191133,160.7400296764875,0.0,CD8_Tcell
-110.50671276164226,-181.29008923438556,0.0,CD8_Tcell
306.30542705181745,-19.180070955614028,0.0,CD8_Tcell
392.14197963648536,59.721804412307996,0.0,CD8_Tcell
-351.10195696000807,-58.18875370810985,0.0,CD8_Tcell
356.5263115661181,9.596288838216836,0.0,CD8_Tcell
-71.91362503958494,-288.90311729044026,0.0,CD8_Tcell
52.14795980034308,-319.7550668850893,0.0,CD8_Tcell
-182.56023868199244,-355.8813665119364,0.0,CD8_Tcell
-17.120756992871694,-253.08074087732558,0.0,CD8_Tcell
116.09482968154536,-244.0755557204013,0.0,CD8_Tcell
346.595650095556,7.659585494984523,0.0,CD8_Tcell
10.88218707904325,-204.90742370194621,0.0,CD8_Tcell
73.38637238777281,379.0584699876007,0.0,CD8_Tcell
257.1518654330376,57.77100757721058,0.0,CD8_Tcell
373.76024625040486,-96.55905850824443,0.0,CD8_Tcell
-48.761999298218235,-381.5219357873606,0.0,CD8_Tcell
287.8757108769489,-27.15121256338886,0.0,CD8_Tcell
-351.40413016313994,-29.450596717862414,0.0,CD8_Tcell
217.12468200749223,265.08134305475573,0.0,CD8_Tcell
358.19496017666035,-89.9813190258028,0.0,CD8_Tcell
-26.400549503200853,-345.68000200700186,0.0,CD8_Tcell
332.4367372933325,118.77910405542016,0.0,CD8_Tcell
348.63016318746253,66.79101019799913,0.0,CD8_Tcell
122.83510782030181,-330.09345862742595,0.0,CD8_Tcell
-334.5258848554965,-199.88393499421358,0.0,CD8_Tcell
-190.90636098718073,-80.1655212674135,0.0,CD8_Tcell
-273.6646140942977,6.900704393110492,0.0,CD8_Tcell
-387.18135349446544,28.020122452460427,0.0,CD8_Tcell
330.8910506778695,88.05265010416394,0.0,CD8_Tcell
-254.75262525475992,-0.5406261451451821,0.0,CD8_Tcell
216.45233545448468,216.01135439843517,0.0,CD8_Tcell
-238.99600415831847,-293.6290568877063,0.0,CD8_Tcell
-103.97138102626457,371.26588985082356,0.0,CD8_Tcell
201.47605416045593,7.574161311492148,0.0,CD8_Tcell
-288.6015885579921,0.4406866514365786,0.0,CD8_Tcell
-266.41074626576716,98.325165333494,0.0,CD8_Tcell
-79.19823973997386,364.7968314209443,0.0,CD8_Tcell
205.48268788734916,-118.24057704970907,0.0,CD8_Tcell
-301.6600732319865,-252.33512183101539,0.0,CD8_Tcell
-282.9666822122192,107.11871278144207,0.0,CD8_Tcell
235.68932127183743,-110.2458240060872,0.0,CD8_Tcell
153.55082227985903,291.3507072148687,0.0,CD8_Tcell
-13.778355790759429,230.1396761960102,0.0,CD8_Tcell
-40.548865927118094,343.5974482470322,0.0,CD8_Tcell
278.70371945683735,91.61722272217762,0.0,CD8_Tcell
-307.0280566371896,210.52276224705923,0.0,CD8_Tcell
44.40707370696395,-334.1335991813762,0.0,CD8_Tcell
278.86796631403814,-14.133440459144206,0.0,CD8_Tcell
125.60411823688322,320.1061932906852,0.0,CD8_Tcell
327.48766273299424,-153.74289572904095,0.0,CD8_Tcell
205.8014744515554,-272.3811117913588,0.0,CD8_Tcell
-343.0170196006084,113.08169255151768,0.0,CD8_Tcell
234.94097180787304,258.23715517451285,0.0,CD8_Tcell
-312.10212488376163,71.2681389129241,0.0,CD8_Tcell
-284.9261931939662,-49.56507258325598,0.0,CD8_Tcell
155.07697636665495,211.161730895023,0.0,CD8_Tcell
8.97894608547838,-379.9380549461665,0.0,CD8_Tcell
223.62128400520942,-231.02164980633606,0.0,CD8_Tcell
-142.5569923661963,350.80241139527226,0.0,CD8_Tcell
215.7391319014746,-275.1119160598533,0.0,CD8_Tcell
-239.77135182460967,108.09882405033878,0.0,CD8_Tcell
343.9204537706288,-181.88322483594084,0.0,CD8_Tcell
-390.1500056733339,-9.257079953860453,0.0,CD8_Tcell
47.37261864861738,-371.4958844937416,0.0,CD8_Tcell
100.81412407246238,-289.33189675937376,0.0,CD8_Tcell
8.526964660069137,-258.6608417688353,0.0,CD8_Tcell
313.346352414374,94.14326784554433,0.0,CD8_Tcell
361.21073976457154,130.74310748207083,0.0,CD8_Tcell
-241.86407362292883,302.3357309721198,0.0,CD8_Tcell
-163.74991796879493,176.32222628379205,0.0,CD8_Tcell
-143.59931188310506,255.27648192507388,0.0,CD8_Tcell
-128.4620644365328,196.34055134816586,0.0,CD8_Tcell
303.09896334618173,-110.35459534118846,0.0,CD8_Tcell
-292.817120788205,-91.52254026375452,0.0,CD8_Tcell
251.7424206543235,-124.4273520730644,0.0,CD8_Tcell
80.24651360228555,254.01639105523253,0.0,CD8_Tcell
-151.80525408489507,-201.67990426347657,0.0,CD8_Tcell
-327.7391773954927,-211.75654569512875,0.0,CD8_Tcell
232.74143896071513,-140.87198733613963,0.0,CD8_Tcell
96.18850121501322,299.3990395714854,0.0,CD8_Tcell
-111.52730616521877,-281.8350779246622,0.0,CD8_Tcell
-256.3718737050612,251.30165916452148,0.0,CD8_Tcell
-140.95432074815065,-351.6893814900147,0.0,CD8_Tcell
-318.72385044844594,225.90924661196917,0.0,CD8_Tcell
-89.18268143446313,185.43480792964596,0.0,CD8_Tcell
198.39470766901619,-68.09808402710095,0.0,CD8_Tcell
375.05845931243175,83.30298520092565,0.0,CD8_Tcell
52.63470455818443,-368.26803180402396,0.0,CD8_Tcell
-265.4817709592548,214.40389543855656,0.0,CD8_Tcell
26.53357006886699,-352.07816950266044,0.0,CD8_Tcell
-149.6861866989979,-299.20662114827536,0.0,CD8_Tcell
-343.82917855219245,-72.39776775161246,0.0,CD8_Tcell
-307.05475641758824,252.9168527343003,0.0,CD8_Tcell
245.5380921148898,253.7311608975148,0.0,CD8_Tcell
-245.38332676094106,299.39387367302567,0.0,CD8_Tcell
134.09771681596592,199.58700611783632,0.0,CD8_Tcell
-201.24867248063097,-213.20090888360534,0.0,CD8_Tcell
5.038055528968866,-288.77176342900935,0.0,CD8_Tcell
-362.4654284610455,48.38483647775194,0.0,CD8_Tcell
347.5326549785845,-175.94212079078025,0.0,CD8_Tcell
-247.7726508255024,-191.9675267507523,0.0,CD8_Tcell
332.03271847199994,131.19731255972442,0.0,CD8_Tcell
141.0098873898855,-212.709168825189,0.0,CD8_Tcell
-188.04704171494484,-90.07352274677483,0.0,CD8_Tcell
-236.8558145371299,293.7808461241474,0.0,CD8_Tcell
184.69612359175966,81.55251265656267,0.0,CD8_Tcell
-254.88855077991275,121.11144605737252,0.0,CD8_Tcell
-145.5924779846301,249.82486196206705,0.0,CD8_Tcell
177.6225744612899,-238.2321693983519,0.0,CD8_Tcell
345.64857074396696,88.2468523511476,0.0,CD8_Tcell
217.73744714373078,42.90568874710848,0.0,CD8_Tcell
-314.3162345777518,-235.83992949173353,0.0,CD8_Tcell
-279.8303962713413,-119.72683132977096,0.0,CD8_Tcell
313.0346647361996,-91.0820039174045,0.0,CD8_Tcell
209.13665928183678,218.06524372288482,0.0,CD8_Tcell
-97.79983738265291,233.69573267035867,0.0,CD8_Tcell
211.44439755816524,-33.097983289106104,0.0,CD8_Tcell
-288.66577590125024,137.2244430541779,0.0,CD8_Tcell
126.81917413488222,-194.09219017665654,0.0,CD8_Tcell
-181.111468398215,254.95825827846275,0.0,CD8_Tcell
-227.01620127175931,-164.14480001899418,0.0,CD8_Tcell
240.57062342828522,237.5151551030107,0.0,CD8_Tcell
299.5105039279912,-66.45794708436017,0.0,CD8_Tcell
-248.7464154929699,-269.9066816240482,0.0,CD8_Tcell
202.28795645020074,-221.63417270513682,0.0,CD8_Tcell
84.3416364726448,313.5481856696679,0.0,CD8_Tcell
-193.42341152590362,-182.68595245242835,0.0,CD8_Tcell
-188.9174901168824,257.6915732537082,0.0,CD8_Tcell
-7.120497187362304,-239.65112978776142,0.0,CD8_Tcell
56.427631373223015,-363.9285880114538,0.0,CD8_Tcell
-269.52665014445967,191.40421287838944,0.0,CD8_Tcell
304.5211994607951,-65.88175421630554,0.0,CD8_Tcell
-253.5742917047836,243.6917753763613,0.0,CD8_Tcell
-210.72310858496382,48.491648249648634,0.0,CD8_Tcell
-147.8111316799448,-155.2826622435226,0.0,CD8_Tcell
155.88884730349008,-272.23099652070135,0.0,CD8_Tcell
288.832174795213,9.704867681595186,0.0,CD8_Tcell
105.28095557364252,-274.1716341150372,0.0,CD8_Tcell
-45.889278672879556,-360.72341864075383,0.0,Treg
177.5680658307777,-301.2202316582786,0.0,Treg
-105.10073456548051,-264.0533832605614,0.0,Treg
-206.8039047908018,136.83841043283462,0.0,Treg
-267.36769369473745,-69.12268174212183,0.0,Treg
-326.5137023948681,-171.6818343968473,0.0,Treg
-377.274533164451,-29.938842407528135,0.0,Treg
-278.51551794651294,-132.0585212478598,0.0,Treg
370.4179183242527,54.41568867105013,0.0,Treg
166.4428753888345,-125.47664130989554,0.0,Treg
-266.3797272821145,257.43823281989626,0.0,Treg
114.30589039396595,205.5364739954063,0.0,Treg
216.85464519823765,210.2147051086382,0.0,Treg
188.08797593868084,132.27657001540638,0.0,Treg
-142.8668142650613,-324.99793450452137,0.0,Treg
-208.8222587810052,226.08521794887986,0.0,Treg
90.32067397360811,-196.7346505885238,0.0,Treg
345.8577105526117,-148.29083618826428,0.0,Treg
-227.46520192966838,299.1047330292794,0.0,Treg
338.9641968375795,187.32748083745855,0.0,Treg
-316.23617317308674,30.019184535778038,0.0,Treg
-267.8263762329969,143.94791319140575,0.0,Treg
175.09214538752084,-276.63147408519615,0.0,Treg
-358.03580659457435,-89.34015095528247,0.0,Treg
-110.94593854083054,171.7469352825688,0.0,Treg
182.5076411473559,251.64640028390977,0.0,Treg
-227.8969482755554,-91.89044176873782,0.0,Treg
335.1196794008875,-205.0191400552515,0.0,Treg
186.62602955617288,-141.6801615023777,0.0,Treg
351.4048363458066,-37.48920652226959,0.0,Treg
-18.740473847553687,-392.3296385617069,0.0,Treg
229.46458126483645,-284.8823174502639,0.0,Treg
218.85839963389589,-93.9733190926218,0.0,Treg
168.32698688592131,275.96774742962,0.0,Treg
326.0971114516286,124.9168956236048,0.0,Treg
-59.40810631776254,289.65887352096104,0.0,Treg
128.85828536707734,185.02842569110857,0.0,Treg
40.2548486282013,321.3303402625308,0.0,Treg
-233.06269003980586,286.22950692227056,0.0,Treg
208.8934312144994,-104.90376227113101,0.0,Treg
4.675530919165271,372.2205980490342,0.0,Treg
-284.33091434973807,145.84612649939703,0.0,Treg
-247.97451445908848,-131.6993110340655,0.0,Treg
299.36486302887005,262.8552743480273,0.0,Treg
-273.8795216446373,212.58946013352897,0.0,Treg
325.07875959821695,-132.81329982749182,0.0,apCAF
103.66198393769076,-382.66433425784834,0.0,apCAF
-187.04756452076768,195.30060226081463,0.0,apCAF
-201.95293578059622,-149.2938156574283,0.0,apCAF
287.76443194942914,-88.81999341717754,0.0,apCAF
-121.71083973238233,204.22634766040773,0.0,apCAF
145.75070840565556,-146.64436448327075,0.0,apCAF
66.14383841779889,-381.83100107408137,0.0,apCAF
154.50472007432285,209.09423157958676,0.0,apCAF
-291.3342577845065,165.05575673097988,0.0,apCAF
209.13153912167272,-337.5274728413141,0.0,apCAF
225.80358654150098,224.71009148807823,0.0,apCAF
392.3333081140954,42.42821201873566,0.0,apCAF
-68.76689638283266,-96.85681489004666,0.0,epithelial_tumor
36.0967122553288,86.73095738643835,0.0,epithelial_tumor
25.71845295845741,-156.49787668105031,0.0,epithelial_tumor
-84.93116816845809,-36.77534012369873,0.0,epithelial_tumor
-76.01487313498588,-140.3377704883752,0.0,epithelial_tumor
-41.92452594763069,-50.63658413263587,0.0,epithelial_tumor
-120.08635918263312,18.76612642744281,0.0,epithelial_tumor
-75.00730883893438,13.839779225094743,0.0,epithelial_tumor
-81.67368276688985,119.49520023109939,0.0,epithelial_tumor
122.41044275766662,111.54445585457312,0.0,epithelial_tumor
42.61357305119784,-14.77486405904543,0.0,epithelial_tumor
-62.923519070213885,-73.32718408199058,0.0,epithelial_tumor
-32.942626144256344,-168.05654295038036,0.0,epithelial_tumor
-66.57002923160012,-114.5425883773787,0.0,epithelial_tumor
132.7150723375027,51.80796981401464,0.0,epithelial_tumor
177.96157397278057,17.5849657965169,0.0,epithelial_tumor
30.848038724408365,-142.21313757880276,0.0,epithelial_tumor
-21.062556102222434,-104.46708929550496,0.0,epithelial_tumor
94.76332605018517,-5.1857149422254,0.0,epithelial_tumor
-128.0112949218675,136.14473050772284,0.0,epithelial_tumor
-49.37258377398759,157.75476009778436,0.0,epithelial_tumor
33.186271762163365,125.8545969886726,0.0,epithelial_tumor
26.470857358763983,-66.67089913340841,0.0,epithelial_tumor
-34.3945737521286,77.36812737921053,0.0,epithelial_tumor
-21.93445235986483,174.36744446604263,0.0,epithelial_tumor
-49.029463616399475,93.4437695186037,0.0,epithelial_tumor
22.912984516153642,23.767367329644966,0.0,epithelial_tumor
-91.61120230245128,-0.5048541490885816,0.0,epithelial_tumor
116.93835310031072,-59.63069166597438,0.0,epithelial_tumor
193.0234562256681,46.861805252773635,0.0,epithelial_tumor
161.39054476538163,-86.08780577328022,0.0,epithelial_tumor
82.59923345819527,-29.09023324731367,0.0,epithelial_tumor
25.66015259752369,-103.58746312234449,0.0,epithelial_tumor
117.02861576533728,93.08042771092606,0.0,epithelial_tumor
71.79811911057783,-156.6703636009225,0.0,epithelial_tumor
-142.53911181495008,58.48818269095392,0.0,epithelial_tumor
-108.94759749594287,97.68403250249531,0.0,epithelial_tumor
-158.69653654625887,16.96224929165838,0.0,epithelial_tumor
-60.23233950957679,13.84746343262448,0.0,epithelial_tumor_class1
-67.26130574678373,40.03458812005358,0.0,epithelial_tumor_class1
3.7807979481629355,-74.1822597981228,0.0,epithelial_tumor_class1
67.80056195439056,-119.69630173790162,0.0,epithelial_tumor_class1
-91.94211449821306,-158.1379265342853,0.0,epithelial_tumor_class1
21.242811523738446,-100.23777700643339,0.0,epithelial_tumor_class1
140.05817374982072,-118.60594485849832,0.0,epithelial_tumor_class1
17.211462528683196,-110.32359681866872,0.0,epithelial_tumor_class1
87.28868064578357,8.857091598850392,0.0,epithelial_tumor_class1
-114.4072191563324,-13.568518789539933,0.0,epithelial_tumor_class1
-68.60241899606427,121.4119569648601,0.0,epithelial_tumor_class1
26.479793042701676,192.5537814064773,0.0,epithelial_tumor_class1
151.98267174987276,71.19786620412933,0.0,epithelial_tumor_class1
18.641897170078845,-38.873112741951964,0.0,epithelial_tumor_class1
-34.954032109962355,66.90768762018948,0.0,epithelial_tumor_class1
160.86092146248214,-100.85158892152072,0.0,epithelial_tumor_class1_class2
-87.61781141912014,-97.29947121303977,0.0,epithelial_tumor_class1_class2
98.96633445439748,-29.611733220608702,0.0,epithelial_tumor_class1_class2
-57.80970713387594,-10.664007789006215,0.0,epithelial_tumor_class1_class2
152.8980018113101,75.06054342591283,0.0,epithelial_tumor_class1_class2
-65.41454580004573,61.99775137427108,0.0,epithelial_tumor_class1_class2
-75.09612494671961,26.094678746923602,0.0,epithelial_tumor_class1_class2
-70.70062399582322,71.83740725817643,0.0,epithelial_tumor_class1_class2
156.56787682790144,67.39498457490747,0.0,epithelial_tumor_class1_class2
49.712754641699576,163.74892220338072,0.0,epithelial_tumor_class1_class2
-41.37793088339786,165.57986735639116,0.0,epithelial_tumor_class1_class2
-94.22870132472092,-5.861238839620243,0.0,epithelial_tumor_class1_class2
74.32820627090503,-52.50305973622933,0.0,epithelial_tumor_class1_class2
-131.20490887709173,-81.41410948814236,0.0,epithelial_tumor_class1_class2
110.00707474304318,108.06271823595688,0.0,epithelial_tumor_class1_class2
50.93378368295471,49.547298505481415,0.0,epithelial_tumor_class1_class2
161.3405937245977,15.319318460252347,0.0,epithelial_tumor_class1_class2
-97.35629941137859,91.01942193176569,0.0,epithelial_tumor_class1_class2
-180.13492105801768,86.77256632752074,0.0,epithelial_tumor_class1_class2
-13.812729508716991,58.08202650538646,0.0,epithelial_tumor_class1_class2
128.0066673437072,88.08330276383803,0.0,epithelial_tumor_class1_class2
120.29414969918751,-7.531167894107598,0.0,epithelial_tumor_class1_class2
-41.53698059616788,-75.48791209335077,0.0,epithelial_tumor_class1_class2
-64.52634816570225,29.529190615953137,0.0,epithelial_tumor_class1_class2
8.401855091601014,-88.90112528147769,0.0,epithelial_tumor_class1_class2
-90.6091290724768,-82.39529101737338,0.0,epithelial_tumor_class1_class2
178.84564239441713,60.4813536262262,0.0,epithelial_tumor_class1_class2
162.6854661404805,-106.93240849359488,0.0,epithelial_tumor_class1_class2
57.77736830811331,-87.94206667764415,0.0,epithelial_tumor_class1_class2
113.45166279605586,-150.0150127293519,0.0,epithelial_tumor_class1_class2
-73.51863447961142,-137.38421392408955,0.0,epithelial_tumor_class1_class2
-168.3059057630672,-106.57049871185673,0.0,epithelial_tumor_class1_class2
106.3797645874066,-18.098874434874393,0.0,epithelial_tumor_class1_class2
-52.95989754172841,172.81224039397816,0.0,epithelial_tumor_class1_class2
29.73836695026607,64.85241026856319,0.0,epithelial_tumor_class1_class2
13.263360512371504,121.18920701234829,0.0,epithelial_tumor_class1_class2
-13.963100117705325,-23.278913292395796,0.0,epithelial_tumor_class1_class2
132.00102969137268,18.093483447892527,0.0,epithelial_tumor_class1_class2
-57.96375964934878,-53.204320860935056,0.0,epithelial_tumor_class1_class2
-177.67878276938796,-54.851503216224934,0.0,epithelial_tumor_class1_class2
-16.40929783415364,-25.394339095590087,0.0,epithelial_tumor_class1_class2
-91.44876710265281,-42.10520809498815,0.0,epithelial_tumor_class1_class2
-85.92125786114605,-69.19276262469128,0.0,epithelial_tumor_class1_class2
137.3505013733763,-120.87589845769647,0.0,epithelial_tumor_class1_class2
88.31356256426038,50.812115505393265,0.0,epithelial_tumor_class1_class2
109.716563502232,142.09590701314735,0.0,epithelial_tumor_class1_class2
-89.29593891120577,109.0236802593671,0.0,epithelial_tumor_class1_class2
-36.53436675399253,-140.01513184196125,0.0,epithelial_tumor_class1_class2
93.47733443718694,41.44272787699207,0.0,epithelial_tumor_class1_class2
-18.532084001187343,107.28676109764551,0.0,epithelial_tumor_class1_class2
-67.3545082845697,-163.35703660342253,0.0,epithelial_tumor_class1_class2
7.428171142235906,77.54595097472388,0.0,epithelial_tumor_class1_class2
-76.87129377146495,-158.06133538540772,0.0,epithelial_tumor_class1_class2
97.7547372276573,-118.35944656974965,0.0,epithelial_tumor_class1_class2
23.845466915360838,-34.04728259872151,0.0,epithelial_tumor_class1_class2
-110.5986892749482,-137.93879461858617,0.0,epithelial_tumor_class1_class2
121.71419027660761,-139.23667156252708,0.0,epithelial_tumor_class1_class2
-45.32381784338002,-117.17636585545053,0.0,epithelial_tumor_class1_class2
-97.2553953171454,173.89709665929234,0.0,epithelial_tumor_class1_class2
106.92467187871311,-141.763483337678,0.0,epithelial_tumor_class1_class2
13.98608087501037,129.93872039518337,0.0,epithelial_tumor_class1_class2
124.40589584953668,24.487138182372362,0.0,epithelial_tumor_class1_class2
29.782705181130133,22.73925302974008,0.0,epithelial_tumor_class1_class2
80.86103351151732,131.9916598188712,0.0,epithelial_tumor_class1_class2
18.057048685815854,112.3596907231738,0.0,epithelial_tumor_class1_class2
10.35427823472618,-170.02090219406406,0.0,epithelial_tumor_class1_class2
11.410811528313173,51.89709095663777,0.0,epithelial_tumor_class1_class2
-152.99469869734318,121.21098550362973,0.0,epithelial_tumor_class1_class2
72.44946855153069,-68.27563167078509,0.0,epithelial_tumor_class1_class2
-122.23842255009404,-106.61819743213725,0.0,epithelial_tumor_class1_class2
19.31331914174837,-163.19805070822997,0.0,epithelial_tumor_class1_class2
-92.66790471813609,78.7532842831827,0.0,epithelial_tumor_class1_class2
174.0811809378041,95.98498450625239,0.0,epithelial_tumor_class1_class2
-66.72940163946106,93.48594421750224,0.0,epithelial_tumor_class1_class2
-91.57335859611108,175.8649832771845,0.0,epithelial_tumor_class1_class2
-61.60787882637278,70.58672654367871,0.0,epithelial_tumor_class1_class2
-96.21991683995215,-150.15061568680508,0.0,epithelial_tumor_class1_class2
83.00252380679599,-66.33596389512815,0.0,epithelial_tumor_class1_class2
33.557052349473544,-31.346961010490688,0.0,epithelial_tumor_class1_class2
150.14467284904214,-38.439706687918445,0.0,epithelial_tumor_class2
-73.36785730643176,77.31920746335791,0.0,epithelial_tumor_class2
190.70023277401904,-19.490058898474416,0.0,epithelial_tumor_class2
-22.08965472340373,50.14716710068938,0.0,epithelial_tumor_class2
103.82440363722424,-28.39589636827794,0.0,epithelial_tumor_class2
60.06873949984067,17.58091848619311,0.0,epithelial_tumor_class2
12.17266210104037,97.81577789426483,0.0,epithelial_tumor_class2
129.82459277014755,96.29534779419465,0.0,epithelial_tumor_class2
-15.911086169960868,-186.8879684830319,0.0,epithelial_tumor_class2
-130.5563219773293,59.876825231128684,0.0,epithelial_tumor_class2
-65.56384590267642,175.04399604300835,0.0,epithelial_tumor_class2
97.87740111598278,85.85550300363876,0.0,epithelial_tumor_class2
-109.92915085502706,-125.82489668333308,0.0,mesenchymal_tumor_class1
-51.436939220749515,142.23988794481795,0.0,mesenchymal_tumor_class1
-93.4202107154874,-174.34378412924616,0.0,mesenchymal_tumor_class1
-48.67556917867466,-182.04442005192988,0.0,mesenchymal_tumor_class1
-100.89259290466751,126.90952428354917,0.0,mesenchymal_tumor_class1
86.76403327049894,-177.1950146458445,0.0,mesenchymal_tumor_class1
109.73991889999621,-49.83525018099331,0.0,mesenchymal_tumor_class1
11.028621395780423,-35.80035055096836,0.0,mesenchymal_tumor_class1
-15.206672020961715,106.61656397361645,0.0,mesenchymal_tumor_class1
-94.68691167049315,-159.6101620982597,0.0,mesenchymal_tumor_class1_class2
-30.584208950508938,-112.92493899245277,0.0,mesenchymal_tumor_class1_class2
41.07647292527611,72.49118460619282,0.0,mesenchymal_tumor_class1_class2
181.91204678433235,-4.70239133834502,0.0,mesenchymal_tumor_class1_class2
-193.47066601301523,32.38599886046884,0.0,mesenchymal_tumor_class1_class2
68.6017141977762,-34.90978571305214,0.0,mesenchymal_tumor_class1_class2
-31.72393314432055,-87.07561631801345,0.0,mesenchymal_tumor_class2
-147.34491780308002,-123.8288591533907,0.0,PDAC_unclassified
-27.320236692767,88.60425475956865,0.0,PDAC_unclassified
-51.76777660963411,58.28904351539825,0.0,PDAC_unclassified
169.12091907978984,65.31081765351611,0.0,PDAC_unclassified
135.62874153384058,-85.40403939507658,0.0,PDAC_unclassified
-178.6105076899013,-86.90863448868394,0.0,PDAC_unclassified
-82.78226014392496,-180.14167226624315,0.0,PDAC_unclassified
31.000573176688462,164.43356886655098,0.0,PDAC_unclassified
-17.16293781692439,161.0699803098469,0.0,PDAC_unclassified
-78.54829867092376,108.20189704601765,0.0,PDAC_unclassified
-88.5274172075507,23.95921658097862,0.0,PDAC_unclassified
91.0559561610409,-147.26203963476283,0.0,PDAC_unclassified
-61.21384437549407,95.85647635603333,0.0,PDAC_unclassified
-54.45383306034209,-56.127976037434976,0.0,PDAC_unclassified
10.337870743645315,-105.08113942002161,0.0,PDAC_unclassified
30.386104698773245,7.85319207539718,0.0,PDAC_unclassified
-152.92506948044985,47.51192686902472,0.0,PDAC_unclassified
163.91839101702928,48.93922284048896,0.0,PDAC_unclassified
-38.209394953004455,-10.795144672474727,0.0,PDAC_unclassified
51.66702060633811,-118.31975723772618,0.0,PDAC_unclassified
2.378632630875127,-15.810425157819887,0.0,PDAC_unclassified
12.300736572635984,-18.818723567277733,0.0,PDAC_unclassified
-41.90546185079649,59.690135388362364,0.0,PDAC_unclassified
-99.79938583730105,34.69537617765981,0.0,PDAC_unclassified
-82.8551893323318,73.51385016097474,0.0,PDAC_unclassified
6.197496661200266,-72.67742337113897,0.0,PDAC_unclassified
136.56374668152105,78.56846245427444,0.0,PDAC_unclassified
59.58758977750837,145.7658430547671,0.0,PDAC_unclassified
153.5669825565348,-46.210185292050795,0.0,PDAC_unclassified
176.80268552398385,7.677139879280898,0.0,PDAC_unclassified
61.28221859403873,-153.9193715133481,0.0,PDAC_unclassified
-47.21217211431217,28.463549167171074,0.0,PDAC_unclassified
-39.04846333347973,39.74368014110502,0.0,PDAC_unclassified
191.19962205295786,19.443849345980418,0.0,PDAC_unclassified
-74.98933354283409,181.3180760291113,0.0,PDAC_unclassified
97.04286691724029,-162.88943127104343,0.0,PDAC_unclassified
-84.56332195438634,-112.49605434345361,0.0,PDAC_unclassified
-35.74255019327487,89.97042187513861,0.0,PDAC_unclassified
92.10123078218237,-32.59218889280195,0.0,PDAC_unclassified
-166.59103528586226,3.689102900411439,0.0,PDAC_unclassified
130.11684853353475,-142.4378021767045,0.0,PDAC_unclassified
1.3075359506341955,144.35023509750948,0.0,PDAC_unclassified
64.04311073018094,180.4479782989124,0.0,PDAC_unclassified
-116.8615210388181,-132.11418315969067,0.0,PDAC_unclassified
-144.9395936078198,121.16960777702995,0.0,PDAC_unclassified
67.50951148850491,133.38832383290637,0.0,PDAC_unclassified
-59.45913416527169,-96.34534580463203,0.0,PDAC_unclassified
-135.96553601607326,-16.11985366615494,0.0,PDAC_unclassified
144.110530381355,85.92254950638932,0.0,PDAC_unclassified
16.58770706880039,-88.98835754838868,0.0,PDAC_unclassified
-120.33573388490576,-19.19093463660666,0.0,PDAC_unclassified
65.42595225584505,32.623350213880485,0.0,PDAC_unclassified
23.605462985919637,117.38967310052728,0.0,PDAC_unclassified
-144.97464176313613,-97.50494288939095,0.0,PDAC_unclassified
-57.346564094247164,-124.0155980660413,0.0,PDAC_unclassified
73.09717244009043,-81.50214101568591,0.0,PDAC_unclassified
-196.97652466275105,1.2580205831027378,0.0,PDAC_unclassified
99.29206918610521,-60.213698454629096,0.0,PDAC_unclassified
103.87980469403765,23.01560876772293,0.0,PDAC_unclassified
131.93580811213485,-4.369390619852272,0.0,PDAC_unclassified
104.1353831542873,-91.46343191282791,0.0,PDAC_unclassified
-49.944531607006176,169.08354367011245,0.0,PDAC_unclassified
-66.124773196772,144.40605548814864,0.0,PDAC_unclassified
107.4069208775106,-165.93909437825047,0.0,PDAC_unclassified
28.327507369581202,59.258558610721735,0.0,PDAC_unclassified
-8.32575012974101,106.81242420897945,0.0,PDAC_unclassified
-35.27846908666576,-195.4011990492296,0.0,PDAC_unclassified
109.62816313710486,18.26172957711721,0.0,PDAC_unclassified
-119.41228037257746,8.46423778261138,0.0,PDAC_unclassified
64.85889169407014,97.7852943535174,0.0,PDAC_unclassified
145.76089134871478,-118.5446645752612,0.0,PDAC_unclassified
-50.90960347306989,-5.031982477612056,0.0,PDAC_unclassified
79.47324759051618,-123.16969783899168,0.0,PDAC_unclassified
-178.2620488536507,4.3163354081060605,0.0,PDAC_unclassified
60.984616271710486,-175.34091838667845,0.0,PDAC_unclassified
66.63117811579318,-186.00180328575755,0.0,PDAC_unclassified
-128.45178665009593,152.6640437129829,0.0,PDAC_unclassified
10.468362797262467,-39.33857369324002,0.0,PDAC_unclassified
108.27215230959757,124.91717916549167,0.0,PDAC_unclassified
-119.84534050389036,-15.898441215277167,0.0,PDAC_unclassified
-92.60168361480117,-170.34254722918206,0.0,PDAC_unclassified
-18.901516320265312,-28.23067692178934,0.0,PDAC_unclassified
99.20874103505179,-106.32357059855902,0.0,PDAC_unclassified
100.85549579629405,-150.40541934539038,0.0,PDAC_unclassified
-86.52535430614785,-82.29546572298052,0.0,PDAC_unclassified
108.07291123105601,-6.166668366472427,0.0,PDAC_unclassified
9.494644760464814,133.99550625073832,0.0,PDAC_unclassified
171.3519295377693,99.42047675452267,0.0,PDAC_unclassified
60.778678149802666,-100.57673523240275,0.0,PDAC_unclassified
155.16302361291326,12.619469256020905,0.0,PDAC_unclassified
-62.87023789643115,-115.24810828847752,0.0,PDAC_unclassified
173.7067417542792,-72.00930033774537,0.0,PDAC_unclassified
-56.79614130064165,-116.0815262305706,0.0,PDAC_unclassified
-176.9159865586264,67.21550534872753,0.0,PDAC_unclassified
124.4344697997426,34.047178668287145,0.0,PDAC_unclassified
131.29317793997217,-22.295544827688975,0.0,PDAC_unclassified
79.99550894709446,177.60572727722905,0.0,PDAC_unclassified
25.414075183710896,-4.065560520037986,0.0,PDAC_unclassified
-74.21941496422575,-175.69118427777215,0.0,PDAC_unclassified
-71.76870688587897,186.5348480154019,0.0,PDAC_unclassified
98.2588233135075,-149.8114936184428,0.0,PDAC_unclassified
67.92138115201698,110.54865009558463,0.0,PDAC_unclassified
-114.1898679562869,93.4520345764293,0.0,PDAC_unclassified
79.16531996823988,23.990371024754825,0.0,PDAC_unclassified
-113.19742414300254,148.5807072694745,0.0,PDAC_unclassified
-33.18839682820368,96.23417312971786,0.0,PDAC_unclassified
-6.531521793292947,-90.02510607747669,0.0,PDAC_unclassified
-109.72289634293311,5.08073799862112,0.0,PDAC_unclassified
66.92648931810582,17.33253309921748,0.0,PDAC_unclassified
-18.16035805449105,145.51684891897773,0.0,PDAC_unclassified
173.18603258058732,36.48454532798227,0.0,PDAC_unclassified
-53.44461366977898,171.5478103407652,0.0,PDAC_unclassified
118.43630669426047,36.87431610645345,0.0,PDAC_unclassified
-192.66223616686702,40.63471561203305,0.0,PDAC_unclassified
-77.70685016462184,165.34528410439086,0.0,PDAC_unclassified
-109.94791893446902,154.02117262112705,0.0,PDAC_unclassified
115.51427739257794,33.11556878923453,0.0,PDAC_unclassified
-85.65389092354272,99.71417127522743,0.0,PDAC_unclassified
-33.55281031210835,-75.81081354945161,0.0,PDAC_unclassified
176.0158701025944,-58.57885757044996,0.0,PDAC_unclassified
58.450820227559184,-61.92492200595756,0.0,PDAC_unclassified
-95.65578513836802,-136.17891888271998,0.0,PDAC_unclassified
-69.85300962536735,158.33035458440727,0.0,PDAC_unclassified
47.82522502792153,47.708105477512255,0.0,PDAC_unclassified
-133.07426558426354,-133.44415471676461,0.0,PDAC_unclassified
-49.13962033262114,186.41849839281667,0.0,PDAC_unclassified
146.53207440800097,67.19490249324362,0.0,PDAC_unclassified
59.71254708983093,1.54588105502844,0.0,PDAC_unclassified
62.137069912511784,82.49454864450547,0.0,PDAC_unclassified
-81.45325392449337,-167.78207990960897,0.0,PDAC_unclassified
-113.91081274622915,-159.08021364614444,0.0,PDAC_unclassified
-54.00483487609261,167.75935168992334,0.0,PDAC_unclassified
-101.36868003745022,37.005443962855644,0.0,PDAC_unclassified
